YAL016W,15,636,0.01438,0.105,0.8213
YAL021C,21,838,0.01268,0.075,0.75368
YAL022C,22,518,0.017,0.095,0.82159
YAL023C,23,760,0.01665,0.145,0.82103
YAL028W,29,529,0.00851,0.045,0.82156
YAL031C,32,761,0.00873,0.055,0.77851
YAL038W,44,501,0.01599,0.215,0.93341
YAL040C,46,581,0.00478,0.035,0.84962
YAL041W,47,855,0.00959,0.055,0.73662
YAL043C,50,786,0.01108,0.065,0.7493
YAL047C,55,623,0.01331,0.085,0.80224
YAL048C,57,663,0.00866,0.055,0.81167
YAL053W,60,784,0.01514,0.105,0.77342
YAL054C,61,714,0.01453,0.135,0.83644
YAL056W,64,881,0.0066,0.045,0.75084
YAL058W,65,503,0.00981,0.055,0.8473
YAR071W,109,468,0.02058,0.175,0.8966
YBL005W,116,977,0.01083,0.075,0.737
YBL008W,119,841,0.00674,0.045,0.77372
YBL009W,120,677,0.00786,0.055,0.80986
YBL011W,122,760,0.00906,0.065,0.79882
YBL014C,125,895,0.00278,0.025,0.7447
YBL015W,126,527,0.02059,0.135,0.85017
YBL019W,130,521,0.01061,0.065,0.83325
YBL020W,131,575,0.01835,0.115,0.83125
YBL023C,134,869,0.01174,0.085,0.78695
YBL024W,135,685,0.01511,0.115,0.84486
YBL035C,147,706,0.01013,0.065,0.80217
YBL039C,151,580,0.01532,0.115,0.87216
YBL042C,154,640,0.01887,0.125,0.82536
YBL045C,157,458,0.01914,0.165,0.8941
YBL051C,163,669,0.00818,0.055,0.83708
YBL052C,164,832,0.00354,0.025,0.78232
YBL054W,166,526,0.00781,0.055,0.84356
YBL056W,168,469,0.0135,0.095,0.88405
YBL060W,173,688,0.00844,0.055,0.80553
YBL061C,174,697,0.00804,0.055,0.79419
YBL067C,180,748,0.00533,0.045,0.79449
YBL075C,189,650,0.00832,0.055,0.83281
YBL080C,194,542,0.01094,0.075,0.84334
YBL082C,196,459,0.01265,0.065,0.84262
YBL085W,199,981,0.00764,0.055,0.73389
YBL086C,200,467,0.00869,0.055,0.85543
YBL089W,203,460,0.01066,0.065,0.85655
YBL097W,212,755,0.00864,0.065,0.80189
YBL098W,213,461,0.01233,0.085,0.87666
YBL099W,214,546,0.01395,0.125,0.89104
YBL103C,218,487,0.01047,0.065,0.85673
YBL111C,227,668,0.00302,0.025,0.78455
YBL113C,229,793,0.00254,0.025,0.76656
YBR001C,230,781,0.00737,0.055,0.79146
YBR003W,232,474,0.00929,0.055,0.8658
YBR006W,235,498,0.01166,0.075,0.87383
YBR007C,236,737,0.00608,0.035,0.78774
YBR008C,237,549,0.00406,0.035,0.85718
YBR015C,244,598,0.01799,0.145,0.8343
YBR017C,246,919,0.01213,0.085,0.75011
YBR019C,248,700,0.00376,0.035,0.81817
YBR020W,249,529,0.0052,0.045,0.86843
YBR021W,250,634,0.00412,0.035,0.85248
YBR028C,257,526,0.00951,0.065,0.85285
YBR029C,258,458,0.01755,0.115,0.86953
YBR030W,259,553,0.00926,0.055,0.84715
YBR033W,262,920,0.00579,0.035,0.74416
YBR038W,267,964,0.0113,0.085,0.74469
YBR041W,270,670,0.01619,0.125,0.81201
YBR043C,272,690,0.00315,0.025,0.81539
YBR045C,274,574,0.00965,0.065,0.83876
YBR049C,278,811,0.01064,0.075,0.80255
YBR055C,284,900,0.0047,0.035,0.7566
YBR058C,288,782,0.01036,0.065,0.78199
YBR060C,291,621,0.00696,0.045,0.80701
YBR068C,299,610,0.0136,0.085,0.83737
YBR069C,300,620,0.01379,0.085,0.8152
YBR073W,304,925,0.00828,0.065,0.74886
YBR074W,305,977,0.02903,0.195,0.69162
YBR078W,308,469,0.01522,0.145,0.92108
YBR079C,309,965,0.01328,0.125,0.81396
YBR080C,310,759,0.01277,0.095,0.80608
YBR083W,313,487,0.01125,0.065,0.84447
YBR084W,315,976,0.01022,0.075,0.76376
YBR086C,318,947,0.00787,0.055,0.75887
YBR092C,325,468,0.02099,0.205,0.904
YBR093C,326,468,0.02113,0.205,0.90964
YBR094W,327,754,0.01829,0.135,0.81987
YBR098W,331,692,0.01082,0.065,0.79154
YBR102C,334,754,0.00718,0.045,0.7716
YBR103W,336,536,0.01109,0.065,0.83522
YBR108W,341,948,0.00625,0.035,0.72968
YBR112C,346,967,0.00934,0.065,0.72897
YBR114W,348,791,0.0056,0.035,0.76524
YBR117C,351,682,0.00521,0.035,0.82216
YBR118W,352,459,0.01407,0.195,0.93458
YBR121C,355,668,0.01514,0.155,0.8779
YBR123C,357,650,0.00846,0.065,0.82529
YBR126C,360,496,0.01948,0.125,0.85308
YBR127C,362,518,0.01785,0.155,0.88331
YBR131W,366,705,0.00627,0.045,0.79977
YBR133C,368,828,0.00711,0.045,0.74933
YBR138C,373,525,0.01165,0.085,0.85242
YBR139W,374,509,0.02248,0.175,0.85455
YBR142W,377,774,0.00959,0.075,0.8049
YBR148W,383,610,0.01961,0.145,0.8379
YBR156C,391,699,0.01598,0.105,0.80443
YBR158W,393,550,0.00894,0.055,0.82956
YBR162C,397,456,0.01575,0.155,0.90509
YBR163W,399,586,0.00382,0.025,0.82868
YBR166C,402,453,0.01515,0.095,0.8659
YBR169C,405,694,0.00754,0.055,0.81183
YBR170C,406,581,0.01289,0.075,0.81723
YBR172C,408,741,0.00534,0.045,0.80401
YBR177C,413,452,0.0199,0.115,0.8674
YBR179C,415,856,0.01397,0.085,0.75578
YBR180W,416,573,0.00897,0.055,0.83079
YBR182C,418,453,0.01238,0.075,0.86281
YBR184W,420,524,0.00691,0.045,0.84423
YBR186W,422,565,0.00526,0.035,0.82736
YBR196C,433,555,0.01847,0.235,0.92224
YBR198C,435,799,0.0128,0.095,0.77995
YBR199W,436,465,0.01935,0.165,0.85161
YBR200W,437,552,0.01262,0.085,0.84927
YBR202W,439,846,0.01326,0.105,0.77227
YBR203W,440,925,0.00671,0.055,0.76584
YBR207W,444,466,0.0155,0.085,0.84885
YBR212W,449,673,0.01182,0.065,0.79483
YBR214W,451,528,0.006,0.045,0.84783
YBR215W,452,626,0.00684,0.055,0.83945
YBR216C,453,675,0.00674,0.045,0.79325
YBR220C,457,561,0.00852,0.055,0.83998
YBR222C,459,544,0.013,0.085,0.85314
YBR223C,460,545,0.01038,0.055,0.82046
YBR225W,462,901,0.00611,0.045,0.76707
YBR227C,464,521,0.01065,0.065,0.86319
YBR229C,466,955,0.01175,0.095,0.75742
YBR237W,475,850,0.00766,0.055,0.75183
YBR238C,476,732,0.00947,0.075,0.8275
YBR239C,477,530,0.00477,0.035,0.84677
YBR240C,478,451,0.00727,0.045,0.84685
YBR241C,479,489,0.01198,0.065,0.84401
YBR247C,485,484,0.01642,0.105,0.85995
YBR248C,486,553,0.01629,0.105,0.8443
YBR250W,488,524,0.01435,0.095,0.84765
YBR255W,494,695,0.00607,0.045,0.78845
YBR259W,498,689,0.00561,0.035,0.80771
YBR260C,499,667,0.01722,0.115,0.80912
YBR263W,502,491,0.01358,0.105,0.88896
YBR270C,509,546,0.00376,0.025,0.83207
YBR274W,513,528,0.00622,0.045,0.84984
YBR276C,515,808,0.0025,0.025,0.75225
YBR280C,519,638,0.00722,0.045,0.81543
YBR281C,520,879,0.01048,0.075,0.79169
YBR283C,522,491,0.01457,0.115,0.89414
YBR284W,523,798,0.00846,0.055,0.74789
YBR286W,525,538,0.01661,0.135,0.88976
YBR288C,527,484,0.02489,0.155,0.8526
YBR289W,528,906,0.00868,0.055,0.71412
YBR293W,532,475,0.00425,0.025,0.83044
YBR294W,533,860,0.00235,0.025,0.76963
YBR296C,535,575,0.02056,0.155,0.87052
YBR297W,536,469,0.00825,0.045,0.85139
YBR298C,537,615,0.01433,0.095,0.82418
YBR299W,538,585,0.02001,0.135,0.84282
YCL004W,546,522,0.00424,0.035,0.8468
YCL017C,555,498,0.01405,0.105,0.86312
YCL025C,561,634,0.01577,0.135,0.83102
YCL027W,564,513,0.01121,0.065,0.83577
YCL030C,567,800,0.01431,0.105,0.79259
YCL036W,573,567,0.00837,0.045,0.82285
YCL038C,575,529,0.01293,0.075,0.83387
YCL040W,577,501,0.01984,0.115,0.84493
YCL043C,580,523,0.01636,0.135,0.88623
YCL045C,582,761,0.01546,0.105,0.78965
YCL048W,585,464,0.01369,0.085,0.86293
YCL051W,588,584,0.00583,0.035,0.82248
YCL054W,590,842,0.00718,0.065,0.8167
YCL057W,594,713,0.01281,0.095,0.81983
YCL069W,604,459,0.00909,0.055,0.85119
YCL073C,605,616,0.00884,0.055,0.80084
YCR005C,611,461,0.01615,0.115,0.88615
YCR008W,614,604,0.00589,0.045,0.82727
YCR014C,620,583,0.00706,0.045,0.83664
YCR023C,632,612,0.00479,0.035,0.82702
YCR024C,633,493,0.00976,0.065,0.85281
YCR026C,636,743,0.01429,0.105,0.78801
YCR028C,638,513,0.0117,0.065,0.85201
YCR030C,640,871,0.01484,0.105,0.76895
YCR037C,647,924,0.00242,0.025,0.76193
YCR038C,648,643,0.00833,0.045,0.78349
YCR045C,656,492,0.0041,0.025,0.84987
YCR048W,659,611,0.01118,0.055,0.7838
YCR052W,663,484,0.01143,0.065,0.84722
YCR053W,664,515,0.01629,0.145,0.90057
YCR054C,665,564,0.00931,0.055,0.83909
YCR057C,666,924,0.01129,0.075,0.74679
YCR061W,669,632,0.0215,0.115,0.77283
YCR065W,672,565,0.00652,0.045,0.83134
YCR066W,673,488,0.00945,0.055,0.85431
YCR068W,675,521,0.00848,0.055,0.85169
YCR072C,678,516,0.01682,0.105,0.85257
YCR077C,683,797,0.01149,0.075,0.79561
YCR084C,688,714,0.01054,0.075,0.79663
YCR088W,693,593,0.0182,0.135,0.85937
YCR091W,696,721,0.01452,0.095,0.80093
YDR030C,1000,507,0.0074,0.045,0.8497
YDR034C,1004,791,0.00506,0.035,0.76851
YDR036C,1008,501,0.01185,0.095,0.87932
YDR037W,1009,592,0.01655,0.145,0.87992
YDR046C,1018,605,0.01143,0.085,0.83633
YDR049W,1021,633,0.00962,0.065,0.8101
YDR052C,1024,705,0.00738,0.055,0.79833
YDR057W,1029,543,0.01559,0.095,0.831
YDR061W,1033,540,0.01038,0.055,0.82314
YDR062W,1034,562,0.01125,0.085,0.86191
YDR069C,1041,927,0.00485,0.035,0.76018
YDR072C,1044,528,0.02044,0.135,0.84919
YDR074W,1046,897,0.01393,0.095,0.79086
YDR080W,1053,993,0.00772,0.055,0.74148
YDR081C,1054,926,0.00577,0.045,0.75359
YDR082W,1055,495,0.00408,0.025,0.85276
YDR085C,1058,621,0.00467,0.035,0.81846
YDR089W,1062,870,0.00689,0.045,0.76056
YDR091C,1064,609,0.01444,0.125,0.88137
YDR096W,1069,895,0.00595,0.045,0.77441
YDR101C,1074,594,0.0173,0.125,0.84984
YDR103W,1076,918,0.00619,0.045,0.73055
YDR105C,1078,474,0.01783,0.095,0.85407
YDR107C,1080,673,0.00919,0.055,0.80048
YDR108W,1081,699,0.00761,0.045,0.79196
YDR109C,1082,716,0.00486,0.035,0.7801
YDR110W,1083,567,0.01082,0.065,0.81978
YDR111C,1084,508,0.01172,0.075,0.8522
YDR117C,1090,566,0.01307,0.085,0.83597
YDR118W,1091,653,0.0083,0.055,0.80392
YDR119W,1092,769,0.01162,0.075,0.76407
YDR120C,1093,571,0.01877,0.165,0.8491
YDR125C,1098,454,0.01169,0.085,0.87732
YDR129C,1102,643,0.01752,0.135,0.84571
YDR131C,1104,557,0.00971,0.065,0.83953
YDR132C,1105,496,0.01094,0.065,0.8468
YDR137W,1109,664,0.00849,0.045,0.79589
YDR138W,1110,753,0.00654,0.045,0.79882
YDR143C,1115,611,0.01012,0.065,0.84632
YDR144C,1116,597,0.0107,0.075,0.83886
YDR145W,1117,540,0.01238,0.065,0.82231
YDR146C,1118,710,0.00877,0.055,0.80756
YDR147W,1119,535,0.01098,0.075,0.85648
YDR148C,1120,464,0.01544,0.145,0.88828
YDR160W,1132,853,0.00368,0.025,0.76537
YDR164C,1136,725,0.00916,0.065,0.81187
YDR166C,1138,972,0.00466,0.035,0.75186
YDR168W,1140,507,0.01503,0.105,0.8728
YDR169C,1141,514,0.00994,0.055,0.83808
YDR172W,1144,686,0.0154,0.135,0.84364
YDR176W,1148,703,0.0156,0.105,0.81303
YDR181C,1154,482,0.01114,0.065,0.85642
YDR182W,1155,492,0.01579,0.095,0.85391
YDR186C,1159,878,0.004,0.035,0.75555
YDR188W,1161,547,0.01359,0.075,0.8331
YDR189W,1162,667,0.01294,0.095,0.83897
YDR190C,1163,464,0.01641,0.115,0.88128
YDR194C,1167,665,0.01005,0.075,0.84088
YDR195W,1168,534,0.01079,0.075,0.8591
YDR198C,1171,480,0.01149,0.065,0.84905
YDR200C,1173,605,0.00588,0.045,0.82326
YDR205W,1178,725,0.00765,0.055,0.79164
YDR206W,1179,885,0.00464,0.035,0.742
YDR207C,1180,837,0.00522,0.035,0.77334
YDR208W,1181,780,0.00507,0.035,0.77805
YDR211W,1184,713,0.01233,0.085,0.83599
YDR212W,1185,560,0.01621,0.125,0.86301
YDR213W,1186,914,0.00544,0.035,0.73309
YDR219C,1192,466,0.01066,0.075,0.86094
YDR221W,1194,703,0.00779,0.055,0.81096
YDR223W,1196,468,0.00513,0.035,0.85177
YDR228C,1201,627,0.00983,0.065,0.8084
YDR229W,1202,454,0.01377,0.085,0.84186
YDR232W,1205,549,0.01159,0.085,0.86392
YDR234W,1207,694,0.01418,0.095,0.81373
YDR235W,1208,545,0.00796,0.045,0.83925
YDR238C,1211,974,0.01498,0.135,0.75899
YDR239C,1212,788,0.00668,0.045,0.78983
YDR240C,1213,493,0.01071,0.065,0.83141
YDR242W,1215,550,0.01002,0.065,0.84008
YDR243C,1216,589,0.00998,0.065,0.84951
YDR244W,1217,613,0.00857,0.055,0.82082
YDR247W,1220,462,0.00865,0.055,0.87835
YDR251W,1224,831,0.01293,0.085,0.76566
YDR254W,1227,459,0.01203,0.075,0.86056
YDR256C,1229,516,0.00391,0.035,0.85247
YDR257C,1230,495,0.01285,0.075,0.85675
YDR258C,1231,812,0.01364,0.095,0.80828
YDR261C,1234,563,0.00949,0.065,0.85386
YDR264C,1237,765,0.011,0.075,0.77348
YDR266C,1239,640,0.00954,0.065,0.83875
YDR285W,1258,876,0.00663,0.045,0.7529
YDR292C,1265,622,0.01059,0.065,0.82587
YDR294C,1267,590,0.01632,0.125,0.84701
YDR295C,1268,675,0.008,0.055,0.80296
YDR299W,1272,535,0.01674,0.125,0.86183
YDR303C,1276,886,0.01046,0.065,0.74238
YDR306C,1279,479,0.00923,0.055,0.85374
YDR307W,1280,663,0.02144,0.155,0.79999
YDR311W,1284,643,0.00857,0.065,0.85397
YDR314C,1287,693,0.0144,0.095,0.80819
YDR316W,1289,472,0.00847,0.065,0.86772
YDR320C,1293,669,0.00914,0.065,0.82073
YDR324C,1299,777,0.01257,0.105,0.8122
YDR330W,1305,501,0.01044,0.065,0.8621
YDR332W,1307,690,0.0059,0.045,0.81489
YDR333C,1308,724,0.00918,0.065,0.80352
YDR338C,1313,696,0.00642,0.045,0.80179
YDR341C,1316,608,0.01514,0.125,0.86747
YDR342C,1317,571,0.01778,0.195,0.89202
YDR343C,1318,571,0.01775,0.195,0.90016
YDR346C,1321,482,0.01517,0.125,0.89077
YDR348C,1323,500,0.01268,0.085,0.85965
YDR349C,1324,597,0.00584,0.035,0.81566
YDR350C,1325,612,0.00509,0.035,0.79265
YDR351W,1326,865,0.00503,0.035,0.7572
YDR356W,1331,945,0.00576,0.045,0.75096
YDR358W,1333,558,0.00949,0.065,0.83448
YDR359C,1334,983,0.00481,0.035,0.72268
YDR362C,1337,673,0.00687,0.045,0.81697
YDR363W,1338,457,0.00813,0.055,0.8647
YDR364C,1340,456,0.00945,0.055,0.86831
YDR365C,1341,629,0.01129,0.085,0.84134
YDR369C,1345,855,0.01383,0.095,0.76726
YDR371W,1347,512,0.00785,0.055,0.86384
YDR375C,1351,457,0.00842,0.055,0.87674
YDR376W,1352,494,0.01029,0.075,0.87406
YDR380W,1357,636,0.01836,0.115,0.83162
YDR385W,1363,843,0.0138,0.175,0.89339
YDR386W,1364,633,0.00603,0.035,0.80111
YDR387C,1365,556,0.00438,0.035,0.83563
YDR388W,1366,483,0.01454,0.095,0.87668
YDR389W,1367,655,0.00748,0.045,0.80469
YDR390C,1368,637,0.01208,0.085,0.81989
YDR395W,1373,945,0.01305,0.095,0.75753
YDR398W,1376,644,0.01355,0.095,0.82389
YDR402C,1380,490,0.02012,0.145,0.849
YDR403W,1381,537,0.00376,0.035,0.85688
YDR409W,1387,905,0.01183,0.075,0.73601
YDR416W,1394,860,0.00699,0.045,0.75724
YDR419W,1397,633,0.00735,0.045,0.79836
YDR421W,1399,951,0.00569,0.045,0.72186
YDR422C,1400,816,0.00473,0.035,0.77575
YDR425W,1403,626,0.00918,0.055,0.81832
YDR430C,1408,990,0.00617,0.045,0.76622
YDR434W,1412,535,0.01902,0.115,0.85134
YDR436W,1414,711,0.0078,0.045,0.77826
YDR440W,1418,583,0.00607,0.045,0.82915
YDR444W,1422,688,0.00514,0.035,0.7912
YDR452W,1430,675,0.01003,0.065,0.81086
YDR456W,1434,634,0.01083,0.075,0.82001
YDR458C,1436,664,0.00735,0.045,0.78971
YDR463W,1441,520,0.01478,0.105,0.85302
YDR466W,1444,899,0.01057,0.075,0.7476
YDR470C,1448,503,0.01136,0.075,0.86547
YDR473C,1451,470,0.01001,0.065,0.86161
YDR475C,1452,877,0.03456,0.295,0.72656
YDR477W,1454,634,0.01162,0.085,0.83174
YDR479C,1456,555,0.0071,0.045,0.8133
YDR481C,1458,567,0.01666,0.105,0.82499
YDR484W,1461,642,0.00623,0.045,0.82151
YDR485C,1462,796,0.0131,0.085,0.77475
YDR488C,1465,534,0.00661,0.035,0.81621
YDR490C,1467,767,0.00719,0.045,0.77158
YDR496C,1473,657,0.01752,0.135,0.83751
YDR497C,1474,585,0.01037,0.075,0.84389
YDR499W,1476,748,0.00614,0.045,0.78123
YDR501W,1478,522,0.01071,0.065,0.84484
YDR505C,1482,842,0.00882,0.065,0.79188
YDR506C,1483,609,0.00754,0.055,0.83297
YDR508C,1485,664,0.01321,0.105,0.82893
YDR514C,1491,484,0.01081,0.065,0.85403
YDR516C,1493,501,0.01932,0.125,0.86435
YDR518W,1495,518,0.01662,0.125,0.87711
YDR520C,1497,773,0.00524,0.035,0.75928
YDR522C,1499,503,0.02109,0.135,0.86469
YDR523C,1500,491,0.0083,0.055,0.85918
YDR534C,1514,529,0.00416,0.035,0.87601
YDR536W,1516,570,0.01979,0.155,0.85606
YDR539W,1519,504,0.01295,0.075,0.85675
YEL007W,1532,667,0.00719,0.055,0.82597
YEL011W,1537,705,0.00438,0.035,0.80857
YEL013W,1539,579,0.01131,0.085,0.87196
YEL015W,1541,552,0.0105,0.065,0.85257
YEL020C,1548,561,0.00794,0.045,0.81909
YEL023C,1552,683,0.00581,0.045,0.80137
YEL030W,1560,645,0.01152,0.085,0.84254
YEL032W,1562,972,0.01231,0.085,0.74644
YEL036C,1567,501,0.01943,0.125,0.84627
YEL040W,1571,468,0.01571,0.115,0.87797
YEL041W,1572,496,0.00952,0.055,0.84126
YEL042W,1573,519,0.01688,0.145,0.87224
YEL043W,1574,957,0.00467,0.035,0.74832
YEL047C,1578,471,0.01935,0.165,0.88449
YEL052W,1583,510,0.01022,0.065,0.84444
YEL053C,1584,734,0.00708,0.055,0.81002
YEL058W,1590,558,0.01448,0.085,0.82073
YEL060C,1593,636,0.01574,0.125,0.85553
YEL062W,1595,616,0.0074,0.045,0.82326
YEL063C,1596,591,0.00341,0.035,0.85928
YEL064C,1597,481,0.00999,0.055,0.85731
YEL065W,1598,629,0.01771,0.125,0.8474
YEL069C,1602,565,0.00492,0.035,0.8257
YEL070W,1603,503,0.0092,0.065,0.87511
YEL071W,1604,497,0.01658,0.135,0.87178
YER001W,1613,763,0.01774,0.135,0.79592
YER005W,1617,631,0.00913,0.055,0.81337
YER006W,1619,521,0.01645,0.105,0.85989
YER007W,1621,519,0.00991,0.065,0.85744
YER014W,1629,540,0.01044,0.065,0.85436
YER015W,1630,745,0.01437,0.105,0.8024
YER017C,1632,762,0.01106,0.075,0.7739
YER019W,1635,478,0.01399,0.075,0.84719
YER021W,1637,524,0.01471,0.095,0.84779
YER022W,1638,688,0.01175,0.075,0.82362
YER024W,1640,924,0.00302,0.025,0.76277
YER025W,1641,528,0.01595,0.125,0.87995
YER032W,1648,877,0.00448,0.035,0.7498
YER036C,1652,611,0.01304,0.115,0.87593
YER038C,1654,465,0.00814,0.055,0.87278
YER040W,1658,731,0.00638,0.045,0.7885
YER041W,1659,760,0.0044,0.035,0.78627
YER045C,1664,490,0.00813,0.055,0.85588
YER047C,1667,898,0.00568,0.045,0.75146
YER049W,1670,645,0.01496,0.105,0.84082
YER051W,1672,493,0.01038,0.065,0.85274
YER052C,1673,528,0.01507,0.115,0.88061
YER054C,1676,549,0.00789,0.055,0.86531
YER056C,1678,534,0.01876,0.135,0.86672
YER060W,1683,529,0.0158,0.105,0.84206
YER064C,1688,506,0.01225,0.065,0.83655
YER065C,1689,558,0.00468,0.045,0.88003
YER068W,1695,588,0.00744,0.055,0.85049
YER069W,1696,864,0.01357,0.105,0.78223
YER070W,1697,889,0.01395,0.115,0.80701
YER073W,1700,521,0.01572,0.125,0.87377
YER075C,1703,929,0.00538,0.035,0.74333
YER077C,1706,689,0.00812,0.055,0.80174
YER078C,1707,512,0.00905,0.065,0.86101
YER080W,1710,628,0.01212,0.095,0.84747
YER081W,1711,470,0.01766,0.145,0.90571
YER082C,1712,555,0.01258,0.085,0.85257
YER086W,1717,577,0.01048,0.075,0.86787
YER087W,1720,577,0.00779,0.045,0.83625
YER089C,1723,465,0.01442,0.085,0.85883
YER090W,1724,508,0.01433,0.105,0.88129
YER096W,1732,513,0.01072,0.065,0.85062
YER103W,1739,643,0.01577,0.105,0.82331
YER109C,1745,800,0.0037,0.025,0.76792
YER113C,1749,707,0.00688,0.045,0.79552
YER122C,1759,494,0.01301,0.085,0.86862
YER123W,1760,525,0.01138,0.075,0.87181
YER124C,1761,574,0.01236,0.075,0.84437
YER125W,1762,810,0.00922,0.065,0.80249
YER136W,1774,452,0.01582,0.115,0.90028
YER140W,1779,557,0.01616,0.095,0.81338
YER141W,1780,487,0.01695,0.135,0.86034
YER144C,1783,806,0.00347,0.025,0.74608
YER151C,1793,913,0.00623,0.045,0.78271
YER157W,1800,802,0.01054,0.075,0.80164
YER158C,1801,574,0.01642,0.115,0.82017
YER162C,1804,755,0.00566,0.045,0.79537
YER165W,1808,578,0.01112,0.115,0.89513
YER167W,1810,852,0.00645,0.045,0.77775
YER168C,1811,547,0.0138,0.085,0.83925
YER169W,1812,797,0.0063,0.045,0.76728
YER171W,1814,779,0.00992,0.065,0.78531
YER173W,1817,660,0.00574,0.035,0.79443
YER184C,1829,795,0.00577,0.035,0.75649
YFL002C,1838,607,0.01983,0.125,0.80985
YFL003C,1839,879,0.00751,0.045,0.73171
YFL004W,1840,829,0.01023,0.075,0.7989
YFL009W,1844,780,0.00608,0.045,0.78101
YFL011W,1847,547,0.0072,0.055,0.8598
YFL013C,1850,693,0.0083,0.055,0.79686
YFL016C,1855,512,0.01715,0.105,0.86115
YFL018C,1858,500,0.01622,0.135,0.89884
YFL021W,1862,511,0.01246,0.075,0.8384
YFL022C,1863,504,0.01796,0.115,0.87388
YFL023W,1864,797,0.00641,0.045,0.77356
YFL024C,1865,833,0.00524,0.035,0.75653
YFL027C,1868,498,0.00711,0.045,0.84868
YFL037W,1879,458,0.01525,0.105,0.87884
YFL040W,1882,541,0.00844,0.055,0.83461
YFL041W,1883,623,0.00437,0.035,0.817
YFL042C,1884,675,0.01437,0.095,0.80405
YFL047W,1888,715,0.00798,0.045,0.77884
YFL049W,1890,624,0.01027,0.065,0.81443
YFL050C,1891,859,0.00319,0.025,0.766
YFL052W,1893,466,0.01083,0.055,0.81871
YFL053W,1894,592,0.00494,0.035,0.82265
YFL054C,1895,647,0.005,0.035,0.80326
YFL055W,1896,559,0.0147,0.095,0.82775
YFR002W,1911,840,0.01338,0.095,0.76817
YFR006W,1915,536,0.01506,0.135,0.87005
YFR009W,1918,753,0.01238,0.105,0.83418
YFR010W,1919,500,0.01604,0.125,0.87702
YFR013W,1923,788,0.00749,0.055,0.77603
YFR015C,1925,709,0.00606,0.045,0.82247
YFR021W,1931,501,0.01258,0.075,0.8447
YFR022W,1932,734,0.00302,0.025,0.76965
YFR023W,1933,612,0.01779,0.125,0.83825
YFR024C-A,1934,452,0.019,0.145,0.8888
YFR028C,1938,552,0.01092,0.075,0.83723
YFR029W,1939,679,0.00596,0.035,0.77757
YFR037C,1950,558,0.01442,0.085,0.81698
YFR038W,1951,854,0.00453,0.035,0.78886
YFR039C,1952,511,0.01069,0.065,0.84052
YFR044C,1957,482,0.02065,0.185,0.88799
YFR048W,1961,663,0.00649,0.045,0.81758
YFR051C,1964,547,0.01289,0.085,0.84742
YFR053C,1967,486,0.01755,0.165,0.90704
YGL003C,1974,567,0.00717,0.045,0.82532
YGL008C,1980,919,0.01533,0.225,0.87574
YGL009C,1981,780,0.01388,0.125,0.8589
YGL012W,1984,474,0.0166,0.125,0.89066
YGL014W,1986,889,0.00545,0.045,0.77085
YGL017W,1989,504,0.01142,0.065,0.85202
YGL021W,1993,761,0.00683,0.045,0.7855
YGL022W,1994,719,0.01347,0.105,0.81541
YGL023C,1995,636,0.00597,0.035,0.78157
YGL026C,1998,708,0.01622,0.145,0.84118
YGL027C,1999,834,0.01502,0.105,0.78677
YGL028C,2000,543,0.01327,0.115,0.87505
YGL035C,2007,505,0.01061,0.065,0.84633
YGL036W,2008,910,0.00433,0.035,0.75385
YGL038C,2010,481,0.02346,0.155,0.8413
YGL045W,2017,543,0.01913,0.115,0.81558
YGL049C,2020,915,0.00758,0.055,0.76867
YGL055W,2026,511,0.01788,0.175,0.90629
YGL056C,2027,528,0.01681,0.095,0.82075
YGL059W,2030,492,0.00977,0.065,0.85585
YGL060W,2031,642,0.00925,0.065,0.82819
YGL064C,2035,562,0.01099,0.075,0.8414
YGL065C,2036,504,0.01411,0.095,0.8697
YGL066W,2037,658,0.00831,0.055,0.80197
YGL071W,2042,691,0.00579,0.035,0.80763
YGL073W,2044,834,0.00513,0.035,0.76998
YGL077C,2048,564,0.0129,0.095,0.86257
YGL083W,2054,805,0.00718,0.055,0.80002
YGL084C,2055,561,0.01923,0.155,0.84937
YGL086W,2057,750,0.00676,0.045,0.79866
YGL093W,2064,918,0.00471,0.035,0.72469
YGL095C,2066,578,0.00974,0.065,0.84005
YGL097W,2068,483,0.0166,0.115,0.87394
YGL099W,2070,641,0.01571,0.115,0.83108
YGL104C,2075,487,0.00966,0.065,0.84652
YGL107C,2078,647,0.0098,0.065,0.81232
YGL110C,2081,625,0.00948,0.065,0.83227
YGL111W,2082,464,0.01215,0.075,0.86388
YGL112C,2083,517,0.01279,0.085,0.86304
YGL113W,2084,669,0.01703,0.105,0.78615
YGL114W,2085,726,0.01603,0.085,0.7724
YGL116W,2087,611,0.00939,0.065,0.83306
YGL119W,2090,502,0.00945,0.055,0.84759
YGL120C,2091,768,0.01387,0.095,0.81259
YGL122C,2093,526,0.01637,0.095,0.84115
YGL124C,2095,645,0.00849,0.055,0.80377
YGL125W,2096,601,0.01244,0.085,0.84791
YGL129C,2100,489,0.01058,0.075,0.87669
YGL130W,2101,460,0.01804,0.105,0.85988
YGL137W,2108,890,0.01344,0.105,0.80216
YGL139W,2110,803,0.0112,0.075,0.77474
YGL142C,2113,617,0.00631,0.035,0.79061
YGL144C,2115,686,0.0061,0.045,0.79702
YGL145W,2116,702,0.0076,0.055,0.81318
YGL158W,2129,513,0.03573,0.255,0.84181
YGL160W,2131,571,0.01601,0.105,0.80475
YGL163C,2134,899,0.00479,0.035,0.77121
YGL167C,2138,951,0.00918,0.075,0.76457
YGL171W,2142,565,0.01416,0.095,0.85856
YGL172W,2143,473,0.01153,0.075,0.85726
YGL176C,2147,555,0.00494,0.035,0.84165
YGL178W,2149,860,0.00507,0.035,0.76883
YGL179C,2150,561,0.00748,0.045,0.81936
YGL180W,2151,898,0.0062,0.045,0.77815
YGL184C,2155,466,0.0096,0.055,0.84855
YGL186C,2157,580,0.02273,0.155,0.83001
YGL190C,2161,527,0.01196,0.075,0.85928
YGL192W,2163,601,0.00336,0.025,0.82497
YGL194C,2165,453,0.01366,0.085,0.8625
YGL202W,2173,501,0.01725,0.125,0.8741
YGL203C,2174,730,0.01823,0.155,0.80925
YGL205W,2176,749,0.00473,0.035,0.80553
YGL215W,2186,453,0.00446,0.035,0.86311
YGL216W,2187,806,0.00758,0.045,0.75794
YGL219C,2190,460,0.01242,0.065,0.84245
YGL227W,2199,959,0.00446,0.035,0.76305
YGL228W,2200,578,0.0241,0.215,0.83927
YGL233W,2205,911,0.00631,0.045,0.76313
YGL234W,2206,803,0.01411,0.115,0.80897
YGL236C,2208,670,0.00835,0.055,0.78723
YGL244W,2216,559,0.0137,0.085,0.85211
YGL245W,2217,709,0.0144,0.145,0.87532
YGL249W,2221,705,0.00649,0.045,0.79315
YGL252C,2224,589,0.0107,0.075,0.82503
YGL253W,2225,487,0.01757,0.215,0.93485
YGL256W,2228,466,0.00995,0.105,0.91079
YGL257C,2229,559,0.00509,0.035,0.8297
YGR002C,2238,477,0.01141,0.065,0.82916
YGR003W,2239,745,0.00645,0.045,0.78208
YGR004W,2240,463,0.01186,0.065,0.85803
YGR009C,2245,652,0.00842,0.055,0.82284
YGR013W,2249,621,0.00914,0.065,0.81849
YGR019W,2255,472,0.02448,0.185,0.89187
YGR023W,2259,552,0.00992,0.055,0.8132
YGR041W,2277,548,0.00594,0.045,0.83968
YGR054W,2290,643,0.01352,0.105,0.84989
YGR055W,2291,575,0.02019,0.195,0.8528
YGR056W,2292,929,0.00591,0.045,0.75341
YGR059W,2295,513,0.00666,0.045,0.86687
YGR065C,2301,594,0.01563,0.115,0.8395
YGR067C,2303,795,0.01397,0.085,0.76651
YGR068C,2304,587,0.0087,0.055,0.81851
YGR071C,2307,861,0.00544,0.035,0.76295
YGR077C,2313,590,0.00675,0.045,0.80511
YGR083C,2319,652,0.01245,0.095,0.83027
YGR087C,2323,564,0.01595,0.105,0.84301
YGR088W,2324,563,0.01975,0.135,0.84833
YGR089W,2325,937,0.00617,0.045,0.75598
YGR092W,2328,573,0.01183,0.075,0.84546
YGR093W,2329,508,0.01059,0.065,0.83415
YGR099W,2335,689,0.00736,0.045,0.78519
YGR100W,2336,951,0.00986,0.065,0.74143
YGR103W,2339,606,0.01489,0.105,0.84328
YGR117C,2353,477,0.0093,0.055,0.85898
YGR119C,2355,542,0.0097,0.055,0.83919
YGR121C,2357,493,0.01042,0.065,0.84669
YGR123C,2360,514,0.01398,0.095,0.86566
YGR124W,2361,573,0.01589,0.125,0.8723
YGR128C,2365,714,0.01612,0.105,0.80809
YGR130C,2367,817,0.00669,0.045,0.80126
YGR138C,2375,615,0.01653,0.125,0.86484
YGR141W,2378,468,0.01349,0.085,0.86141
YGR143W,2380,772,0.00898,0.065,0.79828
YGR145W,2382,708,0.01119,0.085,0.84125
YGR150C,2387,865,0.00559,0.045,0.77473
YGR155W,2392,508,0.01835,0.175,0.89226
YGR157W,2394,870,0.01195,0.085,0.76731
YGR162W,2399,953,0.01079,0.085,0.79015
YGR166W,2403,561,0.00576,0.035,0.84123
YGR171C,2408,576,0.00808,0.055,0.83314
YGR175C,2412,497,0.01654,0.145,0.90237
YGR177C,2414,536,0.01538,0.085,0.84052
YGR178C,2415,723,0.00962,0.075,0.82314
YGR186W,2423,736,0.00863,0.055,0.80296
YGR189C,2426,508,0.01667,0.165,0.88068
YGR191W,2428,604,0.01572,0.105,0.84501
YGR194C,2431,601,0.00973,0.065,0.81815
YGR196C,2433,818,0.00648,0.045,0.77195
YGR197C,2434,548,0.00666,0.045,0.83461
YGR198W,2435,818,0.01098,0.075,0.76534
YGR199W,2436,760,0.01567,0.095,0.77995
YGR200C,2437,789,0.01166,0.085,0.80205
YGR204W,2441,947,0.01279,0.095,0.78015
YGR211W,2448,487,0.01668,0.105,0.86904
YGR212W,2449,469,0.01142,0.085,0.86961
YGR216C,2453,610,0.00654,0.045,0.79621
YGR221C,2458,623,0.00324,0.025,0.79534
YGR224W,2461,614,0.00329,0.025,0.8334
YGR225W,2462,594,0.00734,0.045,0.8247
YGR227W,2464,526,0.0195,0.105,0.8253
YGR229C,2466,506,0.01487,0.095,0.87384
YGR237C,2474,786,0.01409,0.095,0.78074
YGR238C,2475,883,0.0037,0.025,0.73421
YGR240C,2477,988,0.01119,0.115,0.81857
YGR241C,2478,569,0.0082,0.045,0.82267
YGR245C,2482,768,0.00793,0.055,0.81223
YGR246C,2483,597,0.0118,0.085,0.86155
YGR249W,2486,457,0.00788,0.045,0.84405
YGR250C,2487,782,0.008,0.055,0.79286
YGR255C,2492,480,0.00826,0.055,0.85539
YGR256W,2493,493,0.01824,0.125,0.87438
YGR260W,2497,535,0.01052,0.065,0.83227
YGR261C,2498,810,0.00698,0.045,0.77874
YGR264C,2501,752,0.01507,0.135,0.83219
YGR266W,2503,702,0.01991,0.125,0.80738
YGR276C,2514,554,0.01088,0.075,0.84375
YGR278W,2516,578,0.00976,0.055,0.81425
YGR287C,2525,590,0.00399,0.035,0.85743
YGR289C,2527,617,0.01721,0.105,0.82667
YGR292W,2530,585,0.01692,0.115,0.85347
YHL002W,2537,453,0.01237,0.075,0.85508
YHL007C,2543,940,0.00657,0.045,0.75473
YHL008C,2544,628,0.00887,0.055,0.81034
YHL010C,2546,586,0.00745,0.045,0.83627
YHL012W,2548,494,0.01075,0.065,0.86341
YHL016C,2552,736,0.01376,0.095,0.80096
YHL017W,2553,533,0.01507,0.105,0.84848
YHL019C,2555,606,0.00919,0.065,0.81759
YHL021C,2558,466,0.01569,0.095,0.86629
YHL024W,2561,714,0.02191,0.165,0.80696
YHL027W,2564,626,0.0107,0.075,0.81959
YHL028W,2565,606,0.01792,0.105,0.77564
YHL029C,2566,680,0.00682,0.045,0.81061
YHL032C,2570,710,0.00378,0.035,0.79643
YHL036W,2575,547,0.00447,0.035,0.83637
YHL038C,2577,631,0.01697,0.095,0.81721
YHL039W,2578,586,0.01009,0.065,0.82675
YHL040C,2579,628,0.01971,0.135,0.83935
YHL047C,2587,638,0.00317,0.025,0.80664
YHL050C,2590,698,0.00289,0.025,0.76761
YHR005C,2596,473,0.01585,0.115,0.86638
YHR006W,2598,542,0.00951,0.055,0.82445
YHR007C,2599,531,0.01611,0.165,0.91683
YHR009C,2601,524,0.00912,0.055,0.84384
YHR015W,2607,660,0.01414,0.095,0.82798
YHR016C,2608,469,0.01378,0.095,0.8817
YHR018C,2610,464,0.01873,0.135,0.89054
YHR019C,2611,555,0.01467,0.135,0.89009
YHR020W,2612,689,0.01449,0.145,0.85959
YHR027C,2620,994,0.01226,0.095,0.76101
YHR028C,2621,819,0.01464,0.095,0.78925
YHR030C,2624,485,0.01213,0.075,0.84058
YHR031C,2625,724,0.00725,0.055,0.80682
YHR032W,2626,582,0.01148,0.065,0.8028
YHR035W,2629,631,0.00983,0.065,0.8015
YHR036W,2630,472,0.01062,0.065,0.86021
YHR037W,2631,576,0.01781,0.155,0.85161
YHR039C,2633,645,0.01437,0.105,0.85013
YHR042W,2637,692,0.01235,0.085,0.82224
YHR045W,2640,561,0.00833,0.055,0.83286
YHR047C,2642,857,0.01487,0.115,0.79602
YHR048W,2643,515,0.0042,0.025,0.83107
YHR050W,2646,550,0.01286,0.075,0.81337
YHR056C,2652,884,0.00575,0.045,0.77729
YHR064C,2662,539,0.01618,0.165,0.89811
YHR065C,2663,502,0.01505,0.095,0.86536
YHR066W,2664,454,0.01382,0.095,0.89268
YHR070W,2670,500,0.01513,0.095,0.84961
YHR072W,2673,732,0.01066,0.065,0.80104
YHR073W,2675,997,0.0082,0.055,0.7142
YHR074W,2676,715,0.0143,0.105,0.81201
YHR084W,2687,689,0.00753,0.045,0.80439
YHR086W,2689,524,0.00901,0.055,0.84439
YHR091C,2694,644,0.00497,0.035,0.79627
YHR092C,2695,561,0.01847,0.195,0.89258
YHR094C,2697,571,0.01829,0.205,0.88749
YHR096C,2699,593,0.02107,0.185,0.83961
YHR098C,2701,930,0.00881,0.065,0.76348
YHR103W,2706,853,0.00469,0.035,0.76682
YHR108W,2711,586,0.01,0.065,0.83049
YHR109W,2712,586,0.0095,0.055,0.82329
YHR113W,2716,491,0.01328,0.095,0.86891
YHR114W,2717,634,0.0088,0.065,0.84434
YHR117W,2720,640,0.01187,0.085,0.83118
YHR120W,2723,960,0.00553,0.035,0.71493
YHR124W,2727,628,0.00429,0.035,0.82195
YHR131C,2734,851,0.00329,0.025,0.74401
YHR135C,2740,539,0.00946,0.065,0.84233
YHR137W,2742,514,0.01991,0.125,0.84959
YHR146W,2753,466,0.01431,0.095,0.88024
YHR149C,2756,735,0.00561,0.035,0.78351
YHR150W,2757,580,0.00553,0.035,0.82372
YHR151C,2758,527,0.00496,0.035,0.84314
YHR159W,2766,505,0.00929,0.055,0.82536
YHR161C,2768,638,0.00674,0.045,0.80078
YHR166C,2774,627,0.00968,0.065,0.81879
YHR168W,2776,500,0.01326,0.085,0.84325
YHR170W,2778,519,0.01247,0.095,0.86763
YHR171W,2779,631,0.00854,0.065,0.82411
YHR177W,2785,454,0.01159,0.065,0.86055
YHR178W,2786,744,0.00731,0.055,0.79681
YHR182W,2791,786,0.00641,0.045,0.76921
YHR183W,2792,490,0.01923,0.205,0.92092
YHR184W,2793,572,0.01946,0.125,0.83167
YHR188C,2797,611,0.01342,0.085,0.82712
YHR194W,2804,580,0.00425,0.025,0.81889
YHR196W,2806,576,0.01178,0.085,0.84549
YHR197W,2807,764,0.01544,0.105,0.78854
YHR202W,2812,603,0.00862,0.065,0.82155
YHR204W,2814,797,0.00336,0.025,0.78299
YHR205W,2815,825,0.00961,0.075,0.79526
YHR207C,2817,527,0.01505,0.095,0.84357
YHR215W,2826,468,0.02141,0.175,0.89275
YHR216W,2827,524,0.01584,0.125,0.88728
YHR219W,2831,625,0.00323,0.025,0.81565
YIL001W,2832,514,0.01139,0.065,0.83769
YIL002C,2833,947,0.00548,0.035,0.72891
YIL005W,2836,702,0.00747,0.055,0.81389
YIL009W,2841,695,0.00794,0.055,0.82319
YIL014W,2847,631,0.00856,0.065,0.81884
YIL015W,2848,588,0.01953,0.135,0.82163
YIL036W,2872,588,0.00907,0.065,0.8307
YIL037C,2873,657,0.02475,0.175,0.78354
YIL038C,2874,837,0.00801,0.055,0.76106
YIL039W,2875,474,0.01482,0.115,0.87725
YIL045W,2881,539,0.01001,0.065,0.85243
YIL046W,2882,641,0.00701,0.045,0.79144
YIL055C,2892,628,0.00721,0.045,0.79169
YIL056W,2893,641,0.0062,0.045,0.81779
YIL066C,2903,870,0.00496,0.045,0.7958
YIL067C,2905,679,0.00761,0.045,0.7867
YIL068C,2906,806,0.00699,0.045,0.76548
YIL072W,2912,606,0.0087,0.055,0.80712
YIL073C,2913,976,0.00393,0.025,0.72633
YIL074C,2914,470,0.01588,0.115,0.88052
YIL075C,2915,946,0.01241,0.105,0.77779
YIL078W,2918,735,0.01181,0.115,0.85617
YIL090W,2928,492,0.00789,0.055,0.84784
YIL091C,2929,722,0.00896,0.065,0.81337
YIL092W,2930,634,0.00732,0.045,0.81289
YIL095W,2933,811,0.007,0.045,0.77657
YIL097W,2935,517,0.01194,0.075,0.85926
YIL099W,2937,550,0.00556,0.035,0.8307
YIL101C,2940,648,0.00862,0.055,0.79354
YIL104C,2943,508,0.01101,0.065,0.84905
YIL105C,2944,687,0.00739,0.045,0.78353
YIL107C,2946,828,0.00579,0.045,0.78106
YIL108W,2947,697,0.01263,0.075,0.79907
YIL109C,2948,927,0.01041,0.075,0.76437
YIL120W,2960,564,0.00358,0.025,0.8312
YIL121W,2961,543,0.00772,0.045,0.82389
YIL123W,2963,476,0.01593,0.165,0.90979
YIL130W,2970,965,0.00432,0.035,0.73761
YIL131C,2971,485,0.01023,0.065,0.85164
YIL137C,2977,947,0.01277,0.085,0.74389
YIL140W,2980,824,0.01501,0.135,0.78618
YIL142W,2983,528,0.01711,0.145,0.86152
YIL143C,2984,844,0.01009,0.075,0.78999
YIL144W,2985,692,0.00718,0.055,0.82664
YIL146C,2987,530,0.00669,0.045,0.82547
YIL150C,2991,572,0.01066,0.065,0.82056
YIL155C,2996,650,0.01155,0.075,0.81815
YIL162W,3004,533,0.01234,0.145,0.8907
YIL166C,3008,543,0.00372,0.025,0.84375
YIL169C,3009,996,0.00314,0.035,0.7922
YIL172C,3011,590,0.00562,0.045,0.85525
YIR002C,3016,994,0.00529,0.045,0.74107
YIR003W,3017,680,0.00988,0.065,0.80952
YIR007W,3021,765,0.00896,0.055,0.77349
YIR010W,3024,577,0.00807,0.055,0.82767
YIR023W,3041,971,0.00632,0.045,0.72316
YIR027C,3045,461,0.00728,0.045,0.864
YIR028W,3046,636,0.01712,0.115,0.8163
YIR031C,3050,555,0.00364,0.035,0.87936
YIR039C,3059,538,0.00789,0.055,0.84263
YJL002C,3064,477,0.01299,0.095,0.86685
YJL008C,3070,569,0.01579,0.135,0.86375
YJL010C,3072,667,0.01548,0.105,0.82133
YJL012C,3074,722,0.01575,0.125,0.83636
YJL013C,3075,516,0.01315,0.075,0.84469
YJL014W,3076,535,0.01773,0.135,0.87379
YJL016W,3078,562,0.03112,0.245,0.83494
YJL019W,3079,683,0.01261,0.085,0.79499
YJL025W,3084,515,0.00594,0.035,0.83227
YJL029C,3088,823,0.0068,0.045,0.75305
YJL033W,3092,771,0.01335,0.085,0.799
YJL034W,3093,683,0.01361,0.145,0.88085
YJL041W,3099,824,0.01264,0.095,0.80095
YJL044C,3102,459,0.00692,0.045,0.85795
YJL045W,3103,635,0.00851,0.065,0.83895
YJL047C,3105,843,0.00726,0.045,0.75393
YJL049W,3108,451,0.01241,0.085,0.87371
YJL051W,3110,823,0.00694,0.045,0.76583
YJL054W,3114,479,0.00878,0.055,0.87114
YJL056C,3116,881,0.00469,0.035,0.77709
YJL057C,3117,668,0.00722,0.045,0.81133
YJL058C,3118,544,0.00981,0.065,0.84284
YJL061W,3121,714,0.01065,0.075,0.79753
YJL062W,3122,831,0.01595,0.105,0.73979
YJL069C,3130,595,0.01382,0.085,0.83212
YJL071W,3132,575,0.00808,0.055,0.82721
YJL073W,3134,646,0.00516,0.035,0.80652
YJL078C,3139,882,0.01244,0.085,0.75082
YJL081C,3142,490,0.01088,0.065,0.86315
YJL082W,3143,732,0.01449,0.095,0.79384
YJL083W,3144,605,0.00551,0.035,0.81228
YJL087C,3148,828,0.01358,0.095,0.80316
YJL089W,3150,830,0.00433,0.035,0.77861
YJL090C,3151,765,0.00516,0.035,0.80374
YJL091C,3152,491,0.01858,0.125,0.85188
YJL093C,3154,692,0.00329,0.025,0.80282
YJL094C,3155,874,0.00411,0.035,0.76736
YJL099W,3160,747,0.00986,0.065,0.78254
YJL100W,3161,608,0.00801,0.045,0.8218
YJL101C,3162,679,0.01287,0.085,0.80778
YJL102W,3163,820,0.00635,0.045,0.76726
YJL103C,3164,619,0.00347,0.025,0.81943
YJL105W,3166,561,0.00741,0.045,0.82918
YJL106W,3167,646,0.00375,0.025,0.83012
YJL110C,3171,552,0.00543,0.035,0.83984
YJL111W,3172,551,0.01484,0.115,0.86516
YJL112W,3173,715,0.00695,0.045,0.79166
YJL123C,3182,479,0.01236,0.075,0.86779
YJL127C,3186,641,0.00757,0.055,0.82073
YJL128C,3188,669,0.00898,0.065,0.81369
YJL132W,3192,751,0.00487,0.035,0.79754
YJL141C,3202,808,0.0057,0.035,0.75511
YJL146W,3207,470,0.0119,0.065,0.84224
YJL149W,3210,664,0.01178,0.075,0.80033
YJL153C,3214,534,0.00631,0.045,0.87086
YJL154C,3215,945,0.00942,0.065,0.73264
YJL155C,3216,453,0.0122,0.075,0.86393
YJL156C,3217,688,0.01195,0.075,0.80136
YJL157C,3219,831,0.00959,0.065,0.7642
YJL162C,3224,584,0.01098,0.075,0.8268
YJL163C,3225,556,0.01046,0.055,0.81343
YJL165C,3227,856,0.00522,0.035,0.7692
YJL168C,3230,734,0.00975,0.065,0.7891
YJL172W,3234,577,0.01922,0.145,0.84888
YJL176C,3238,826,0.00968,0.065,0.78257
YJL181W,3243,612,0.00737,0.045,0.80255
YJL186W,3248,587,0.01973,0.135,0.84094
YJL187C,3249,820,0.00406,0.035,0.78604
YJL194W,3256,514,0.00713,0.045,0.82811
YJL198W,3260,882,0.0111,0.075,0.77328
YJL200C,3262,790,0.0144,0.125,0.81831
YJL201W,3263,600,0.0113,0.075,0.82985
YJL204C,3266,841,0.00652,0.045,0.78436
YJL206C,3267,759,0.0069,0.045,0.7898
YJL209W,3270,655,0.01642,0.115,0.81869
YJL212C,3273,800,0.01408,0.105,0.77637
YJL214W,3275,570,0.00891,0.055,0.84364
YJL216C,3277,582,0.00359,0.035,0.85918
YJL219W,3280,568,0.00452,0.035,0.84818
YJL221C,3282,590,0.0038,0.035,0.85673
YJR001W,3286,603,0.00985,0.065,0.81868
YJR002W,3287,594,0.01778,0.125,0.83035
YJR003C,3288,520,0.01436,0.095,0.84738
YJR004C,3289,651,0.00559,0.035,0.81355
YJR005W,3290,701,0.0093,0.055,0.79324
YJR006W,3291,488,0.00877,0.055,0.86083
YJR010W,3296,512,0.01832,0.165,0.88869
YJR015W,3301,511,0.01789,0.105,0.84499
YJR016C,3302,586,0.01158,0.105,0.8796
YJR030C,3312,746,0.006,0.035,0.77282
YJR036C,3318,893,0.00415,0.035,0.73546
YJR040W,3322,780,0.01474,0.095,0.77969
YJR045C,3327,655,0.00905,0.115,0.89478
YJR046W,3328,605,0.00815,0.045,0.79853
YJR049C,3331,531,0.01121,0.065,0.84146
YJR051W,3333,502,0.00967,0.065,0.85881
YJR052W,3334,566,0.01018,0.065,0.8298
YJR053W,3335,575,0.0079,0.055,0.85342
YJR054W,3336,498,0.00758,0.045,0.85553
YJR059W,3341,819,0.0174,0.115,0.77003
YJR061W,3343,936,0.00575,0.045,0.73964
YJR062C,3344,458,0.00801,0.045,0.86564
YJR064W,3346,563,0.01283,0.095,0.86125
YJR078W,3360,454,0.01546,0.085,0.848
YJR089W,3370,955,0.00424,0.035,0.7469
YJR098C,3380,656,0.00821,0.055,0.83102
YJR103W,3385,565,0.0106,0.065,0.82855
YJR106W,3388,726,0.00635,0.035,0.76919
YJR110W,3392,689,0.0062,0.045,0.7988
YJR117W,3399,454,0.02459,0.285,0.88315
YJR119C,3401,729,0.00754,0.045,0.79776
YJR121W,3403,512,0.00941,0.085,0.89987
YJR122W,3404,498,0.00792,0.055,0.86158
YJR126C,3408,812,0.00935,0.065,0.76251
YJR130C,3412,640,0.00808,0.055,0.79868
YJR131W,3413,550,0.02115,0.115,0.83761
YJR134C,3416,708,0.00735,0.055,0.82362
YJR143C,3426,763,0.01354,0.105,0.81882
YJR158W,3441,568,0.00356,0.025,0.83841
YJR160C,3443,603,0.00335,0.025,0.83513
YKL005C,3450,595,0.00703,0.045,0.82841
YKL012W,3458,584,0.00683,0.045,0.81909
YKL015W,3461,980,0.00346,0.035,0.76407
YKL017C,3463,684,0.00647,0.045,0.8098
YKL021C,3468,469,0.01477,0.095,0.87078
YKL022C,3469,841,0.00645,0.045,0.75916
YKL025C,3472,680,0.00853,0.055,0.81545
YKL029C,3476,670,0.01535,0.115,0.82678
YKL032C,3479,598,0.0118,0.075,0.81038
YKL034W,3482,759,0.00951,0.055,0.78087
YKL035W,3483,500,0.01824,0.135,0.89668
YKL039W,3487,524,0.01777,0.135,0.86654
YKL045W,3493,529,0.01224,0.075,0.8399
YKL047W,3495,517,0.01207,0.065,0.83986
YKL048C,3496,641,0.00602,0.045,0.8017
YKL050C,3498,923,0.00592,0.045,0.73778
YKL054C,3503,739,0.01529,0.115,0.80464
YKL062W,3511,631,0.0097,0.065,0.82624
YKL064W,3513,970,0.00686,0.045,0.74023
YKL068W,3517,960,0.00637,0.045,0.73891
YKL072W,3521,767,0.00746,0.045,0.76897
YKL073W,3522,882,0.01284,0.095,0.77798
YKL074C,3523,528,0.01059,0.065,0.82192
YKL075C,3524,451,0.01072,0.065,0.85778
YKL078W,3527,736,0.00921,0.055,0.7844
YKL079W,3528,657,0.0087,0.055,0.79782
YKL088W,3537,572,0.0118,0.075,0.81762
YKL089W,3538,550,0.01002,0.065,0.84275
YKL100C,3550,588,0.01799,0.125,0.84946
YKL103C,3553,515,0.02067,0.155,0.86404
YKL104C,3554,718,0.01334,0.115,0.84135
YKL108W,3559,454,0.01247,0.075,0.87329
YKL112W,3563,732,0.01077,0.075,0.80489
YKL116C,3567,519,0.00799,0.055,0.84611
YKL121W,3572,853,0.00488,0.035,0.78488
YKL124W,3575,580,0.00772,0.055,0.83939
YKL125W,3576,628,0.01239,0.075,0.81677
YKL126W,3577,681,0.00584,0.045,0.84085
YKL127W,3578,571,0.01818,0.175,0.85387
YKL133C,3584,464,0.02433,0.145,0.84361
YKL134C,3585,771,0.00719,0.055,0.77316
YKL135C,3586,727,0.01199,0.075,0.80219
YKL139W,3590,529,0.01037,0.065,0.85019
YKL140W,3591,549,0.01513,0.095,0.84321
YKL143W,3594,464,0.01319,0.095,0.87785
YKL145W,3596,468,0.01629,0.115,0.89001
YKL146W,3597,693,0.01328,0.075,0.78421
YKL148C,3599,641,0.01649,0.135,0.84265
YKL155C,3606,629,0.00797,0.045,0.81311
YKL157W,3608,936,0.01436,0.115,0.79217
YKL168C,3620,725,0.00651,0.045,0.78189
YKL171W,3623,929,0.00327,0.025,0.73655
YKL174C,3626,619,0.01821,0.115,0.79968
YKL175W,3627,504,0.01911,0.125,0.84293
YKL176C,3628,829,0.00244,0.025,0.73971
YKL178C,3630,471,0.01632,0.105,0.8538
YKL179C,3631,680,0.00893,0.055,0.79598
YKL184W,3636,467,0.0122,0.075,0.8752
YKL185W,3637,589,0.01112,0.065,0.81626
YKL187C,3639,751,0.00289,0.025,0.79122
YKL188C,3640,854,0.0043,0.035,0.76699
YKL191W,3643,535,0.00886,0.055,0.83901
YKL194C,3646,463,0.01164,0.075,0.86429
YKL198C,3650,650,0.01481,0.095,0.79847
YKL204W,3654,633,0.01524,0.105,0.82168
YKL211C,3661,485,0.0172,0.105,0.85539
YKL212W,3662,624,0.01307,0.095,0.84789
YKL213C,3663,716,0.01128,0.075,0.7853
YKL217W,3667,617,0.01022,0.075,0.84072
YKL220C,3670,712,0.00337,0.025,0.80056
YKL221W,3671,474,0.0128,0.075,0.85453
YKL222C,3672,706,0.00286,0.025,0.79077
YKR001C,3676,705,0.01542,0.115,0.8305
YKR002W,3677,569,0.01208,0.075,0.83564
YKR005C,3680,526,0.01166,0.075,0.84876
YKR008W,3683,626,0.01059,0.075,0.8413
YKR009C,3684,901,0.00321,0.025,0.76565
YKR010C,3685,772,0.0062,0.045,0.77827
YKR015C,3690,569,0.00779,0.055,0.83306
YKR017C,3692,552,0.01007,0.065,0.85065
YKR018C,3693,726,0.01259,0.085,0.80171
YKR019C,3694,616,0.00839,0.055,0.8049
YKR021W,3696,916,0.00532,0.035,0.74249
YKR023W,3698,531,0.01093,0.065,0.8571
YKR024C,3699,743,0.01145,0.075,0.79632
YKR027W,3702,766,0.00728,0.045,0.77612
YKR029C,3704,752,0.00809,0.055,0.78567
YKR036C,3712,644,0.00574,0.035,0.807
YKR039W,3715,603,0.01821,0.155,0.85293
YKR050W,3726,890,0.00258,0.025,0.74647
YKR056W,3732,640,0.01623,0.115,0.82701
YKR058W,3734,617,0.02549,0.165,0.82658
YKR063C,3739,503,0.00915,0.055,0.84013
YKR064W,3740,864,0.00459,0.035,0.76365
YKR067W,3743,744,0.01744,0.115,0.7876
YKR069W,3745,594,0.00746,0.045,0.83637
YKR072C,3748,563,0.00728,0.045,0.84019
YKR078W,3754,586,0.00941,0.065,0.82746
YKR079C,3755,839,0.00914,0.065,0.78227
YKR084C,3760,612,0.0134,0.085,0.83171
YKR089C,3765,911,0.00605,0.045,0.73896
YKR090W,3766,707,0.00745,0.045,0.79827
YKR093W,3769,602,0.01788,0.155,0.84775
YKR097W,3773,550,0.0075,0.065,0.88385
YKR098C,3774,718,0.00371,0.025,0.81745
YKR099W,3775,812,0.00507,0.035,0.77717
YKR101W,3777,679,0.00866,0.055,0.78976
YKR105C,3781,583,0.01416,0.085,0.80468
YKR106W,3782,616,0.01741,0.095,0.8021
YLL001W,3783,758,0.01483,0.105,0.80127
YLL003W,3785,947,0.00359,0.025,0.72134
YLL004W,3786,617,0.01011,0.065,0.81892
YLL005C,3787,869,0.0052,0.035,0.74808
YLL007C,3789,666,0.01102,0.065,0.78657
YLL008W,3790,753,0.01368,0.105,0.81306
YLL011W,3793,490,0.01543,0.105,0.86508
YLL012W,3794,574,0.01961,0.115,0.82324
YLL013C,3795,880,0.00641,0.045,0.77404
YLL018C,3798,558,0.01661,0.125,0.87082
YLL019C,3800,738,0.00357,0.025,0.77301
YLL024C,3805,640,0.01467,0.205,0.90668
YLL026W,3807,909,0.01584,0.135,0.79259
YLL028W,3809,587,0.01692,0.115,0.836
YLL029W,3810,750,0.01141,0.075,0.78034
YLL032C,3813,826,0.00667,0.045,0.7715
YLL034C,3815,838,0.01164,0.085,0.79003
YLL035W,3816,633,0.00874,0.055,0.81248
YLL036C,3817,504,0.01115,0.075,0.83283
YLL043W,3824,670,0.00923,0.065,0.81286
YLL051C,3832,713,0.00604,0.045,0.7803
YLL054C,3835,770,0.0069,0.045,0.76727
YLL055W,3836,532,0.00485,0.035,0.83732
YLL058W,3839,576,0.017,0.105,0.81323
YLL061W,3842,584,0.01198,0.075,0.81313
YLL063C,3844,475,0.01008,0.055,0.83807
YLR001C,3849,863,0.00615,0.045,0.74358
YLR002C,3850,664,0.01338,0.085,0.79684
YLR004C,3852,524,0.00821,0.055,0.85905
YLR005W,3853,462,0.00949,0.055,0.85054
YLR006C,3854,713,0.00524,0.035,0.78829
YLR014C,3862,905,0.00315,0.025,0.74904
YLR015W,3863,506,0.00944,0.065,0.85513
YLR020C,3868,539,0.01067,0.065,0.8352
YLR023C,3871,544,0.00943,0.065,0.85386
YLR028C,3876,592,0.01259,0.085,0.83939
YLR033W,3881,503,0.01149,0.075,0.84593
YLR034C,3882,474,0.01469,0.125,0.8817
YLR035C,3883,696,0.00765,0.045,0.7972
YLR044C,3892,564,0.01483,0.205,0.92182
YLR045C,3893,889,0.00663,0.045,0.73843
YLR047C,3895,687,0.0041,0.025,0.79511
YLR054C,3902,725,0.01225,0.075,0.78816
YLR055C,3903,603,0.01327,0.075,0.80636
YLR057W,3905,850,0.00695,0.045,0.76251
YLR058C,3906,470,0.02016,0.235,0.92076
YLR060W,3908,596,0.01517,0.145,0.87007
YLR067C,3915,966,0.00311,0.025,0.72596
YLR069C,3917,762,0.01261,0.095,0.80881
YLR072W,3920,694,0.00833,0.055,0.79195
YLR081W,3929,575,0.02719,0.255,0.86903
YLR083C,3931,668,0.01604,0.125,0.82821
YLR088W,3936,615,0.01895,0.115,0.83768
YLR089C,3937,593,0.01512,0.105,0.85442
YLR090W,3938,460,0.01014,0.065,0.87077
YLR092W,3940,894,0.00422,0.035,0.76758
YLR094C,3942,503,0.01065,0.065,0.84345
YLR095C,3943,813,0.00646,0.045,0.75404
YLR098C,3946,649,0.01887,0.125,0.81658
YLR103C,3952,651,0.00867,0.055,0.81935
YLR108C,3957,486,0.00817,0.055,0.8592
YLR114C,3963,765,0.00772,0.055,0.79692
YLR115W,3964,860,0.00901,0.055,0.76828
YLR116W,3965,477,0.01194,0.065,0.84314
YLR117C,3966,688,0.00714,0.045,0.80019
YLR120C,3969,570,0.0159,0.105,0.84032
YLR127C,3976,854,0.00631,0.045,0.75663
YLR129W,3978,944,0.01107,0.075,0.76646
YLR131C,3980,771,0.00558,0.035,0.76881
YLR133W,3982,583,0.01667,0.105,0.83
YLR134W,3983,564,0.0155,0.195,0.91796
YLR135W,3984,749,0.00516,0.035,0.79504
YLR138W,3987,986,0.01209,0.075,0.73421
YLR139C,3988,644,0.00763,0.045,0.81507
YLR142W,3991,477,0.0123,0.085,0.86767
YLR143W,3992,686,0.01282,0.085,0.81865
YLR144C,3993,780,0.00944,0.065,0.79449
YLR148W,3997,919,0.00406,0.035,0.7488
YLR152C,4002,577,0.00396,0.025,0.84386
YLR153C,4003,684,0.0174,0.165,0.8641
YLR163C,4014,463,0.01463,0.095,0.86309
YLR166C,4017,872,0.00478,0.035,0.78625
YLR173W,4024,609,0.00915,0.055,0.79635
YLR175W,4026,484,0.01415,0.125,0.9058
YLR176C,4027,812,0.00681,0.045,0.77541
YLR177W,4028,629,0.00617,0.045,0.80209
YLR182W,4033,804,0.00744,0.055,0.78651
YLR183C,4034,490,0.01218,0.075,0.84204
YLR188W,4039,696,0.01452,0.105,0.79595
YLR190W,4041,492,0.00901,0.055,0.85613
YLR195C,4046,456,0.01562,0.115,0.88769
YLR196W,4047,577,0.01515,0.115,0.86148
YLR197W,4048,505,0.01537,0.145,0.89382
YLR206W,4057,614,0.00981,0.055,0.8146
YLR207W,4058,834,0.00673,0.045,0.75986
YLR212C,4063,474,0.01309,0.075,0.85477
YLR214W,4065,687,0.01518,0.095,0.80446
YLR219W,4070,729,0.00862,0.055,0.77905
YLR222C,4073,818,0.01378,0.095,0.7888
YLR227C,4078,494,0.01103,0.065,0.85422
YLR228C,4079,815,0.00497,0.035,0.76755
YLR231C,4082,454,0.01637,0.095,0.86927
YLR233C,4084,700,0.00329,0.025,0.80943
YLR234W,4085,657,0.0085,0.055,0.80161
YLR237W,4088,599,0.01463,0.125,0.87014
YLR238W,4089,479,0.00779,0.055,0.86276
YLR240W,4091,876,0.00578,0.045,0.74869
YLR241W,4092,783,0.01005,0.065,0.75994
YLR248W,4099,611,0.01053,0.085,0.84766
YLR253W,4104,570,0.00806,0.045,0.82744
YLR258W,4109,706,0.0058,0.045,0.82249
YLR259C,4110,573,0.02314,0.225,0.88879
YLR260W,4111,688,0.00898,0.055,0.80329
YLR263W,4115,828,0.00428,0.035,0.77474
YLR266C,4119,702,0.00287,0.025,0.78982
YLR267W,4120,571,0.0075,0.055,0.84562
YLR273C,4126,649,0.00547,0.045,0.81866
YLR274W,4127,776,0.0103,0.075,0.80672
YLR276C,4129,595,0.01177,0.085,0.83296
YLR277C,4130,780,0.00801,0.055,0.78824
YLR286C,4139,563,0.0194,0.235,0.86579
YLR288C,4142,475,0.01034,0.065,0.85339
YLR289W,4143,646,0.00807,0.055,0.79551
YLR299W,4153,661,0.01665,0.105,0.81003
YLR304C,4158,779,0.01378,0.155,0.86364
YLR309C,4163,912,0.01513,0.115,0.76282
YLR313C,4168,662,0.0038,0.025,0.79626
YLR314C,4169,521,0.01519,0.105,0.86101
YLR319C,4174,789,0.00684,0.045,0.76526
YLR324W,4179,524,0.01113,0.065,0.84229
YLR330W,4185,672,0.01021,0.065,0.79842
YLR335W,4190,721,0.01254,0.085,0.8111
YLR336C,4191,900,0.00447,0.035,0.74317
YLR341W,4196,478,0.02728,0.215,0.86437
YLR343W,4198,556,0.01018,0.065,0.8385
YLR345W,4200,510,0.00945,0.055,0.84702
YLR347C,4202,862,0.01242,0.085,0.78041
YLR352W,4207,808,0.00674,0.045,0.77408
YLR353W,4208,604,0.00489,0.035,0.81858
YLR357W,4212,890,0.0029,0.025,0.75736
YLR359W,4214,483,0.0233,0.235,0.90246
YLR361C,4216,579,0.0078,0.055,0.83006
YLR362W,4217,718,0.00795,0.055,0.80708
YLR368W,4224,599,0.00555,0.035,0.80945
YLR369W,4225,658,0.017,0.125,0.81198
YLR373C,4229,902,0.00686,0.045,0.7492
YLR378C,4234,481,0.01851,0.115,0.86083
YLR381W,4237,734,0.00516,0.035,0.78353
YLR382C,4238,895,0.00645,0.045,0.76771
YLR386W,4242,881,0.00319,0.025,0.7502
YLR392C,4248,519,0.01008,0.065,0.85522
YLR394W,4250,483,0.00834,0.045,0.84373
YLR396C,4252,692,0.00851,0.055,0.78851
YLR397C,4253,781,0.01132,0.065,0.76826
YLR399C,4255,687,0.00859,0.055,0.80231
YLR401C,4257,669,0.01411,0.095,0.80925
YLR403W,4259,684,0.00792,0.055,0.80978
YLR409C,4265,940,0.01058,0.075,0.75414
YLR413W,4269,676,0.01411,0.115,0.82047
YLR417W,4273,567,0.0092,0.055,0.82144
YLR424W,4280,709,0.00694,0.045,0.7911
YLR427W,4283,671,0.00691,0.045,0.80907
YLR429W,4285,652,0.01238,0.085,0.82879
YLR431C,4287,454,0.0146,0.075,0.8497
YLR432W,4288,524,0.01483,0.135,0.90884
YLR433C,4289,554,0.01114,0.075,0.8561
YLR440C,4297,710,0.00973,0.065,0.79301
YLR442C,4299,979,0.00505,0.035,0.73302
YLR451W,4308,887,0.00628,0.045,0.75039
YLR452C,4309,699,0.00905,0.065,0.8027
YML002W,4326,738,0.00274,0.025,0.79937
YML005W,4329,463,0.01136,0.065,0.85885
YML006C,4330,775,0.00677,0.045,0.80462
YML007W,4332,651,0.00926,0.065,0.81499
YML013W,4341,585,0.01539,0.095,0.82008
YML016C,4344,693,0.00893,0.065,0.80476
YML020W,4348,665,0.00516,0.035,0.81359
YML023C,4351,557,0.00599,0.035,0.8198
YML029W,4357,839,0.01148,0.075,0.74846
YML031W,4360,656,0.01907,0.135,0.79097
YML032C,4361,472,0.00736,0.045,0.85586
YML034W,4363,835,0.00656,0.045,0.76734
YML035C,4364,811,0.00994,0.085,0.79224
YML042W,4369,671,0.0168,0.145,0.82133
YML043C,4370,508,0.00397,0.025,0.85438
YML046W,4371,630,0.00974,0.055,0.80818
YML054C,4380,592,0.00542,0.045,0.85347
YML056C,4382,525,0.01312,0.125,0.90865
YML057W,4384,605,0.01199,0.075,0.82932
YML061C,4389,860,0.00557,0.035,0.75572
YML065W,4393,915,0.00523,0.035,0.75859
YML068W,4396,465,0.00817,0.045,0.85209
YML069W,4397,553,0.01499,0.105,0.85451
YML071C,4399,608,0.0087,0.065,0.8302
YML076C,4404,945,0.00546,0.035,0.7374
YML082W,4411,650,0.01191,0.075,0.80129
YML086C,4415,527,0.0176,0.115,0.86557
YML088W,4417,669,0.00797,0.055,0.78714
YML093W,4422,900,0.00774,0.055,0.79898
YML096W,4426,526,0.00737,0.045,0.83775
YML097C,4427,452,0.01206,0.075,0.86687
YML099C,4429,881,0.00441,0.035,0.76525
YML102W,4435,469,0.01327,0.065,0.82265
YML109W,4442,943,0.00485,0.035,0.73666
YML111W,4444,921,0.00468,0.035,0.7617
YML114C,4447,511,0.00824,0.045,0.8405
YML115C,4448,536,0.02094,0.135,0.84913
YML118W,4452,506,0.00905,0.055,0.85049
YML120C,4454,514,0.01507,0.115,0.86229
YML123C,4457,588,0.01693,0.155,0.87882
YML126C,4460,492,0.0195,0.335,0.90728
YML127W,4461,582,0.01566,0.085,0.80571
YML128C,4462,514,0.00728,0.055,0.86873
YML130C,4464,564,0.01643,0.125,0.86441
YMR001C,4468,706,0.00829,0.065,0.81719
YMR004W,4471,512,0.01097,0.065,0.85588
YMR006C,4473,707,0.0144,0.125,0.82555
YMR008C,4475,665,0.01533,0.125,0.84597
YMR011W,4478,542,0.02287,0.205,0.88405
YMR013C,4480,520,0.01331,0.075,0.82086
YMR014W,4482,520,0.01067,0.075,0.86109
YMR015C,4483,539,0.02138,0.225,0.89053
YMR016C,4484,786,0.00716,0.045,0.77366
YMR018W,4486,515,0.00707,0.045,0.85343
YMR019W,4487,950,0.00453,0.035,0.73592
YMR020W,4488,509,0.00734,0.045,0.85828
YMR023C,4491,527,0.00473,0.035,0.83587
YMR027W,4495,471,0.01393,0.095,0.87371
YMR029C,4497,524,0.01088,0.065,0.8484
YMR031C,4499,844,0.0063,0.045,0.78896
YMR032W,4501,670,0.00788,0.045,0.78503
YMR033W,4502,468,0.01189,0.085,0.86729
YMR036C,4505,555,0.0082,0.045,0.83291
YMR037C,4506,705,0.00775,0.055,0.79359
YMR044W,4513,476,0.01187,0.075,0.85759
YMR049C,4517,808,0.00864,0.065,0.81617
YMR053C-A,4520,851,0.00519,0.035,0.7647
YMR054W,4521,891,0.01094,0.085,0.76701
YMR058W,4525,637,0.0139,0.095,0.82165
YMR061W,4528,678,0.01591,0.105,0.8128
YMR064W,4531,519,0.00441,0.035,0.8465
YMR065W,4532,505,0.02165,0.115,0.82991
YMR066W,4533,899,0.00897,0.055,0.74366
YMR070W,4537,491,0.00789,0.055,0.85196
YMR075W,4543,685,0.00632,0.045,0.82852
YMR078C,4546,742,0.0063,0.045,0.79803
YMR080C,4548,972,0.00663,0.055,0.77523
YMR086W,4555,961,0.0056,0.035,0.71979
YMR088C,4557,563,0.00881,0.055,0.82593
YMR089C,4558,826,0.01002,0.075,0.77509
YMR092C,4561,616,0.01651,0.115,0.84119
YMR093W,4562,514,0.01589,0.115,0.84511
YMR094W,4563,479,0.00709,0.045,0.8591
YMR098C,4567,613,0.00743,0.045,0.8187
YMR100W,4569,621,0.00672,0.045,0.81734
YMR102C,4571,835,0.00697,0.045,0.77099
YMR104C,4573,678,0.00797,0.055,0.79804
YMR105C,4574,570,0.00946,0.085,0.87153
YMR106C,4575,630,0.00897,0.055,0.79945
YMR108W,4577,688,0.01478,0.125,0.84548
YMR110C,4579,533,0.01853,0.115,0.84206
YMR111C,4580,463,0.03565,0.245,0.84849
YMR115W,4584,502,0.01109,0.075,0.85316
YMR120C,4590,593,0.01303,0.105,0.87635
YMR124W,4595,944,0.00516,0.035,0.75064
YMR125W,4596,862,0.01306,0.095,0.79082
YMR131C,4602,512,0.01242,0.095,0.87473
YMR135C,4606,456,0.01262,0.065,0.84285
YMR136W,4608,561,0.00944,0.065,0.82463
YMR137C,4609,662,0.00649,0.045,0.8006
YMR140W,4612,490,0.0095,0.055,0.85266
YMR145C,4617,561,0.01218,0.085,0.8673
YMR153W,4626,476,0.01186,0.075,0.85901
YMR154C,4627,728,0.00789,0.045,0.77121
YMR155W,4628,548,0.00971,0.055,0.82159
YMR160W,4635,817,0.00657,0.045,0.75969
YMR163C,4638,706,0.00735,0.045,0.78178
YMR165C,4640,863,0.01178,0.085,0.7525
YMR167W,4642,770,0.007,0.045,0.78852
YMR168C,4643,609,0.00742,0.045,0.80724
YMR169C,4644,507,0.00737,0.055,0.86821
YMR170C,4645,507,0.0212,0.135,0.8615
YMR172W,4648,720,0.00609,0.035,0.77376
YMR177W,4654,511,0.00964,0.065,0.85717
YMR179W,4656,759,0.00711,0.045,0.75882
YMR185W,4662,982,0.00471,0.035,0.73085
YMR186W,4663,706,0.01732,0.205,0.89159
YMR192W,4669,721,0.00786,0.055,0.79613
YMR198W,4677,595,0.00675,0.045,0.82627
YMR199W,4678,547,0.00955,0.065,0.84386
YMR205C,4684,960,0.0123,0.135,0.83834
YMR209C,4688,458,0.00934,0.055,0.85747
YMR211W,4690,476,0.01231,0.085,0.85851
YMR212C,4691,783,0.00772,0.055,0.79027
YMR213W,4692,591,0.01294,0.085,0.81289
YMR215W,4694,525,0.0134,0.105,0.87748
YMR216C,4695,743,0.00683,0.045,0.78544
YMR217W,4696,526,0.01497,0.135,0.89479
YMR220W,4699,452,0.01312,0.085,0.87094
YMR221C,4700,505,0.01184,0.075,0.85034
YMR223W,4702,472,0.00899,0.055,0.86129
YMR224C,4703,693,0.0077,0.055,0.81124
YMR227C,4706,591,0.01271,0.085,0.82987
YMR232W,4711,678,0.00743,0.045,0.79294
YMR237W,4716,725,0.01098,0.075,0.80465
YMR238W,4717,459,0.01332,0.085,0.87793
YMR239C,4718,472,0.02134,0.125,0.85195
YMR246W,4726,695,0.01502,0.105,0.82747
YMR250W,4728,586,0.01028,0.075,0.84305
YMR257C,4736,801,0.00266,0.025,0.76482
YMR258C,4737,554,0.00851,0.055,0.84202
YMR265C,4744,462,0.01659,0.095,0.84318
YMR266W,4745,954,0.01573,0.125,0.7803
YMR273C,4752,916,0.00924,0.065,0.75071
YMR275C,4754,977,0.00761,0.055,0.73882
YMR277W,4756,733,0.00782,0.055,0.79775
YMR278W,4757,623,0.01715,0.115,0.84166
YMR279C,4758,541,0.01934,0.115,0.82853
YMR282C,4761,581,0.00768,0.045,0.81638
YMR283C,4762,514,0.00944,0.065,0.84083
YMR284W,4763,603,0.00907,0.065,0.83361
YMR285C,4764,516,0.01374,0.095,0.86947
YMR287C,4766,970,0.00451,0.035,0.72612
YMR288W,4767,972,0.00752,0.055,0.7427
YMR290C,4769,506,0.01613,0.115,0.8776
YMR291W,4771,587,0.01009,0.065,0.84762
YMR293C,4773,465,0.01452,0.085,0.8603
YMR296C,4777,559,0.01076,0.065,0.8316
YMR297W,4778,533,0.01574,0.115,0.86753
YMR300C,4781,511,0.01596,0.115,0.87101
YMR301C,4782,691,0.01779,0.145,0.78678
YMR302C,4783,851,0.00633,0.045,0.77639
YMR309C,4792,813,0.01349,0.125,0.83468
YMR313C,4796,643,0.00942,0.065,0.8091
YMR319C,4804,553,0.0198,0.155,0.84917
YNL004W,4815,455,0.01499,0.095,0.8739
YNL008C,4819,670,0.01224,0.075,0.80357
YNL012W,4823,632,0.00522,0.035,0.82495
YNL016W,4827,454,0.01626,0.115,0.89413
YNL018C,4829,613,0.01735,0.105,0.80307
YNL020C,4831,639,0.01193,0.065,0.81175
YNL021W,4832,707,0.01442,0.095,0.80061
YNL022C,4833,491,0.01448,0.095,0.85987
YNL023C,4834,966,0.00491,0.035,0.7321
YNL026W,4837,485,0.01289,0.075,0.84674
YNL027W,4838,679,0.01209,0.075,0.80264
YNL029C,4840,523,0.00672,0.045,0.82452
YNL034W,4845,613,0.01038,0.055,0.80782
YNL039W,4850,595,0.00856,0.055,0.83219
YNL040W,4851,457,0.00872,0.055,0.87144
YNL041C,4852,840,0.00962,0.065,0.76715
YNL045W,4856,672,0.01335,0.105,0.8263
YNL047C,4858,657,0.00943,0.055,0.78937
YNL048W,4859,549,0.02615,0.175,0.84592
YNL049C,4860,877,0.0096,0.065,0.76535
YNL053W,4864,490,0.00742,0.045,0.84762
YNL059C,4870,756,0.01391,0.095,0.79573
YNL061W,4871,619,0.01543,0.115,0.85447
YNL062C,4872,479,0.0146,0.095,0.86695
YNL065W,4875,587,0.00762,0.055,0.84052
YNL068C,4879,863,0.01133,0.075,0.75493
YNL071W,4882,483,0.0146,0.115,0.87796
YNL073W,4884,577,0.00619,0.035,0.81987
YNL074C,4885,453,0.01105,0.065,0.85214
YNL076W,4887,585,0.00835,0.055,0.81557
YNL077W,4888,529,0.00849,0.055,0.85097
YNL082W,4893,874,0.00619,0.045,0.75764
YNL083W,4894,546,0.00622,0.045,0.84685
YNL085W,4896,831,0.01168,0.085,0.79592
YNL094W,4905,588,0.00507,0.035,0.83694
YNL095C,4906,643,0.01463,0.095,0.80893
YNL101W,4912,714,0.00563,0.035,0.78789
YNL103W,4914,673,0.00749,0.055,0.82728
YNL104C,4915,620,0.01295,0.115,0.85789
YNL112W,4923,547,0.01699,0.175,0.88848
YNL115C,4926,645,0.0183,0.115,0.82134
YNL116W,4927,523,0.01055,0.065,0.83412
YNL117W,4928,555,0.01897,0.135,0.86135
YNL118C,4929,971,0.01282,0.085,0.74104
YNL119W,4930,494,0.01073,0.075,0.86085
YNL121C,4932,618,0.01775,0.165,0.87315
YNL123W,4934,998,0.01088,0.085,0.7517
YNL124W,4935,493,0.0114,0.065,0.85844
YNL125C,4936,674,0.00839,0.055,0.81024
YNL126W,4937,847,0.00563,0.035,0.749
YNL127W,4938,954,0.00503,0.035,0.7344
YNL138W,4949,527,0.01566,0.115,0.87568
YNL142W,4953,500,0.01677,0.135,0.87365
YNL144C,4955,741,0.01218,0.075,0.78102
YNL154C,4965,547,0.0105,0.075,0.85219
YNL161W,4972,757,0.00912,0.065,0.78564
YNL167C,4979,648,0.00769,0.055,0.81304
YNL169C,4981,501,0.01129,0.065,0.84423
YNL176C,4988,637,0.00823,0.045,0.78939
YNL182C,4994,556,0.0133,0.085,0.83507
YNL183C,4995,791,0.00749,0.055,0.78124
YNL186W,4998,793,0.00624,0.045,0.79545
YNL189W,5001,543,0.01607,0.125,0.87793
YNL193W,5005,559,0.00991,0.065,0.8291
YNL197C,5009,662,0.01032,0.065,0.81208
YNL199C,5011,535,0.00842,0.055,0.84093
YNL201C,5013,859,0.00619,0.045,0.75594
YNL206C,5018,456,0.01229,0.075,0.8822
YNL209W,5021,614,0.01344,0.175,0.92503
YNL212W,5024,783,0.00709,0.055,0.79675
YNL216W,5028,828,0.00685,0.045,0.77218
YNL218W,5030,588,0.00857,0.055,0.82257
YNL219C,5031,556,0.01845,0.135,0.84896
YNL221C,5033,876,0.008,0.055,0.7491
YNL224C,5036,768,0.00716,0.055,0.80238
YNL225C,5037,582,0.00898,0.055,0.8382
YNL227C,5039,591,0.00727,0.055,0.84307
YNL233W,5045,893,0.00636,0.045,0.74248
YNL236W,5048,975,0.00741,0.055,0.7365
YNL237W,5049,460,0.00775,0.045,0.84948
YNL238W,5050,815,0.0087,0.065,0.79479
YNL239W,5051,455,0.01722,0.125,0.89626
YNL240C,5052,492,0.01559,0.075,0.81121
YNL241C,5053,506,0.01691,0.105,0.85741
YNL243W,5055,969,0.01275,0.085,0.71308
YNL247W,5059,768,0.01406,0.125,0.83169
YNL249C,5061,543,0.01923,0.115,0.83016
YNL256W,5068,825,0.00872,0.055,0.77203
YNL258C,5070,755,0.00738,0.055,0.79051
YNL261W,5073,480,0.01102,0.065,0.86576
YNL268W,5080,612,0.01596,0.135,0.84653
YNL270C,5082,574,0.01742,0.105,0.82805
YNL272C,5084,760,0.00755,0.055,0.78854
YNL275W,5087,577,0.00932,0.055,0.82384
YNL277W,5089,487,0.01045,0.065,0.85348
YNL279W,5091,662,0.00353,0.025,0.7871
YNL283C,5095,504,0.00523,0.035,0.84054
YNL287W,5099,936,0.01103,0.085,0.77585
YNL291C,5103,549,0.00734,0.055,0.84514
YNL293W,5105,634,0.00797,0.055,0.82098
YNL294C,5106,534,0.00378,0.025,0.82808
YNL295W,5107,525,0.00783,0.055,0.84409
YNL298W,5110,843,0.01056,0.075,0.76616
YNL299W,5111,643,0.00803,0.055,0.81606
YNL308C,5120,592,0.01146,0.085,0.8576
YNL311C,5123,764,0.00565,0.035,0.79212
YNL313C,5125,905,0.01395,0.095,0.7542
YNL317W,5129,466,0.01135,0.075,0.8679
YNL318C,5130,541,0.00705,0.045,0.8419
YNL321W,5133,909,0.00749,0.045,0.73391
YNL325C,5137,880,0.00651,0.045,0.77253
YNR001C,5152,480,0.01741,0.135,0.88062
YNR006W,5158,623,0.01015,0.065,0.80473
YNR008W,5160,662,0.01648,0.105,0.81002
YNR011C,5163,877,0.00635,0.045,0.74565
YNR012W,5164,502,0.01101,0.075,0.8696
YNR019W,5171,643,0.01936,0.145,0.83285
YNR023W,5175,567,0.00973,0.065,0.82601
YNR026C,5178,472,0.01459,0.095,0.86349
YNR030W,5182,552,0.01888,0.155,0.86034
YNR033W,5186,788,0.01221,0.075,0.75593
YNR038W,5192,630,0.01005,0.065,0.83007
YNR039C,5193,606,0.00918,0.055,0.80345
YNR044W,5198,726,0.01471,0.085,0.792
YNR047W,5201,894,0.00357,0.025,0.74349
YNR051C,5205,516,0.00858,0.065,0.874
YNR053C,5207,487,0.01563,0.105,0.87307
YNR055C,5209,587,0.00914,0.065,0.84024
YNR056C,5210,562,0.00596,0.045,0.84356
YNR058W,5212,481,0.00506,0.035,0.86424
YNR059W,5213,581,0.00667,0.045,0.82818
YNR060W,5214,720,0.01515,0.105,0.78315
YNR063W,5217,608,0.00906,0.055,0.80112
YNR069C,5223,490,0.00421,0.025,0.84668
YNR072W,5226,565,0.00369,0.025,0.82727
YNR073C,5227,503,0.00693,0.055,0.87717
YOL006C,5237,770,0.00784,0.055,0.82123
YOL011W,5242,687,0.00294,0.025,0.81672
YOL013C,5244,552,0.00842,0.055,0.82657
YOL015W,5248,587,0.00712,0.045,0.86802
YOL017W,5250,715,0.00917,0.055,0.78911
YOL019W,5252,552,0.01888,0.125,0.8379
YOL023W,5256,677,0.00705,0.045,0.80908
YOL025W,5258,661,0.00902,0.055,0.81863
YOL027C,5260,574,0.01997,0.125,0.83552
YOL030W,5263,485,0.016,0.145,0.88606
YOL033W,5266,537,0.0088,0.055,0.83639
YOL036W,5269,762,0.00578,0.035,0.7772
YOL049W,5283,492,0.01193,0.075,0.85562
YOL055C,5290,552,0.00449,0.035,0.85945
YOL057W,5292,712,0.01448,0.095,0.80576
YOL060C,5295,707,0.01381,0.105,0.78783
YOL061W,5296,497,0.01266,0.075,0.84943
YOL062C,5297,492,0.00646,0.045,0.85557
YOL063C,5298,958,0.00382,0.035,0.73077
YOL066C,5301,592,0.01021,0.065,0.82443
YOL068C,5303,504,0.00412,0.035,0.85467
YOL069W,5304,452,0.01353,0.085,0.86421
YOL070C,5305,502,0.01162,0.075,0.85015
YOL072W,5307,456,0.00953,0.055,0.85894
YOL076W,5310,797,0.01098,0.075,0.77349
YOL084W,5319,992,0.01111,0.075,0.73083
YOL090W,5326,965,0.01349,0.105,0.76757
YOL091W,5327,610,0.00757,0.055,0.83986
YOL095C,5331,707,0.01568,0.095,0.78976
YOL103W,5339,610,0.00542,0.045,0.84589
YOL105C,5341,557,0.00614,0.045,0.84314
YOL112W,5348,493,0.00639,0.045,0.84715
YOL113W,5349,656,0.00366,0.025,0.80824
YOL115W,5351,585,0.00988,0.065,0.82837
YOL117W,5353,646,0.00854,0.055,0.80124
YOL119C,5355,502,0.01758,0.115,0.85593
YOL122C,5358,576,0.01378,0.095,0.83719
YOL123W,5359,535,0.01437,0.105,0.88738
YOL125W,5361,477,0.00928,0.055,0.84349
YOL130W,5366,860,0.00594,0.045,0.75339
YOL132W,5368,472,0.01184,0.075,0.86262
YOL137W,5373,498,0.01618,0.095,0.84235
YOL141W,5377,696,0.00778,0.055,0.79328
YOL144W,5380,485,0.01052,0.065,0.86233
YOL152W,5388,621,0.00921,0.055,0.82576
YOL155C,5390,968,0.00279,0.025,0.78045
YOL156W,5391,568,0.00356,0.025,0.85703
YOL157C,5392,590,0.00342,0.035,0.87007
YOL158C,5393,607,0.01631,0.095,0.80253
YOL164W,5400,647,0.00312,0.025,0.79888
YOR001W,5403,734,0.01143,0.075,0.77558
YOR003W,5405,479,0.00535,0.035,0.85918
YOR005C,5407,945,0.0042,0.035,0.70593
YOR009W,5413,488,0.00537,0.045,0.898
YOR014W,5418,758,0.00878,0.055,0.7946
YOR017W,5421,801,0.00648,0.045,0.78142
YOR018W,5422,838,0.0068,0.045,0.78145
YOR019W,5423,731,0.00401,0.035,0.80006
YOR022C,5426,716,0.0078,0.055,0.80846
YOR023C,5427,567,0.00832,0.055,0.82096
YOR027W,5431,590,0.01735,0.135,0.86246
YOR030W,5434,620,0.00382,0.025,0.82733
YOR033C,5437,703,0.00659,0.055,0.80715
YOR034C,5438,750,0.00776,0.045,0.76572
YOR035C,5439,790,0.01175,0.075,0.75622
YOR038C,5442,876,0.00562,0.035,0.75822
YOR043W,5447,487,0.01072,0.065,0.85093
YOR046C,5450,483,0.01532,0.105,0.87081
YOR054C,5458,675,0.0062,0.045,0.8102
YOR056C,5460,460,0.0171,0.105,0.87121
YOR058C,5462,886,0.00456,0.035,0.75714
YOR059C,5463,451,0.00991,0.065,0.85551
YOR066W,5470,630,0.00753,0.045,0.81431
YOR067C,5471,578,0.01681,0.115,0.82681
YOR069W,5473,676,0.01985,0.125,0.81302
YOR070C,5474,638,0.00787,0.045,0.78596
YOR071C,5475,599,0.01322,0.105,0.8633
YOR073W,5477,591,0.00782,0.045,0.83357
YOR076C,5480,748,0.00675,0.045,0.7743
YOR080W,5484,747,0.00311,0.025,0.78434
YOR081C,5485,750,0.00842,0.055,0.7665
YOR087W,5491,676,0.03709,0.255,0.78798
YOR090C,5493,573,0.00983,0.065,0.84101
YOR092W,5495,614,0.00663,0.045,0.8474
YOR108W,5511,605,0.01108,0.095,0.86563
YOR112W,5515,762,0.0074,0.045,0.76859
YOR113W,5516,915,0.00466,0.035,0.75846
YOR118W,5521,568,0.01171,0.075,0.83389
YOR119C,5522,485,0.0158,0.115,0.88168
YOR123C,5526,465,0.01215,0.085,0.86622
YOR128C,5531,572,0.00353,0.025,0.8529
YOR129C,5532,894,0.00458,0.035,0.74841
YOR133W,5536,843,0.01416,0.175,0.89784
YOR137C,5540,623,0.00324,0.025,0.8037
YOR138C,5541,672,0.01124,0.065,0.79411
YOR140W,5543,767,0.00725,0.045,0.77217
YOR141C,5544,882,0.01181,0.075,0.75462
YOR144C,5547,792,0.0062,0.045,0.78742
YOR147W,5550,623,0.00497,0.035,0.80528
YOR149C,5552,517,0.00692,0.045,0.82446
YOR154W,5557,588,0.00588,0.045,0.81113
YOR155C,5558,451,0.01426,0.085,0.8551
YOR156C,5559,727,0.00635,0.045,0.79796
YOR160W,5563,973,0.00488,0.035,0.74821
YOR161C,5564,540,0.01074,0.065,0.84991
YOR162C,5565,811,0.00519,0.035,0.78155
YOR165W,5568,777,0.01071,0.075,0.80422
YOR166C,5569,459,0.0083,0.055,0.87307
YOR168W,5571,810,0.01223,0.105,0.82409
YOR171C,5574,625,0.01093,0.085,0.82342
YOR175C,5578,620,0.01703,0.125,0.84719
YOR177C,5580,465,0.01153,0.065,0.84893
YOR178C,5581,794,0.00444,0.035,0.771
YOR181W,5584,634,0.00898,0.055,0.79971
YOR192C,5595,600,0.00797,0.065,0.86181
YOR195W,5598,822,0.00645,0.045,0.79586
YOR198C,5601,471,0.01376,0.115,0.8964
YOR204W,5607,605,0.01574,0.165,0.88977
YOR205C,5608,557,0.00829,0.055,0.83217
YOR206W,5609,711,0.01407,0.105,0.82192
YOR208W,5611,751,0.00531,0.035,0.79354
YOR211C,5614,882,0.0062,0.045,0.77358
YOR216C,5619,485,0.01122,0.065,0.86402
YOR217W,5620,862,0.00571,0.045,0.76156
YOR219C,5622,932,0.00481,0.035,0.75438
YOR229W,5632,468,0.00949,0.065,0.87431
YOR231W,5634,509,0.00466,0.035,0.83796
YOR233W,5636,801,0.00683,0.045,0.76799
YOR239W,5642,629,0.01287,0.095,0.85365
YOR241W,5643,549,0.01085,0.075,0.84472
YOR243C,5645,677,0.01093,0.075,0.83601
YOR249C,5651,686,0.00664,0.045,0.79363
YOR254C,5656,664,0.01647,0.125,0.82945
YOR256C,5658,810,0.00622,0.045,0.77361
YOR260W,5662,579,0.01159,0.075,0.82915
YOR267C,5669,760,0.01099,0.085,0.8135
YOR269W,5671,495,0.00894,0.065,0.86347
YOR270C,5672,841,0.01099,0.095,0.80058
YOR272W,5674,461,0.0174,0.135,0.87669
YOR273C,5675,660,0.00557,0.045,0.82549
YOR275C,5677,662,0.00656,0.045,0.81248
YOR298W,5701,480,0.00561,0.035,0.85176
YOR299W,5702,747,0.00631,0.045,0.77326
YOR306C,5710,522,0.01245,0.085,0.86494
YOR307C,5711,454,0.01366,0.085,0.86592
YOR308C,5712,588,0.00903,0.065,0.83896
YOR310C,5714,512,0.01758,0.165,0.91674
YOR317W,5722,701,0.01715,0.125,0.83715
YOR320C,5725,492,0.00964,0.065,0.85378
YOR321W,5726,754,0.00433,0.035,0.79359
YOR322C,5727,819,0.00675,0.045,0.75136
YOR323C,5728,457,0.01766,0.155,0.88894
YOR324C,5729,603,0.00571,0.035,0.81757
YOR329C,5734,873,0.00567,0.035,0.73835
YOR334W,5739,471,0.00531,0.035,0.85545
YOR335C,5740,959,0.01324,0.125,0.81883
YOR337W,5742,760,0.005,0.035,0.78187
YOR346W,5751,986,0.00415,0.035,0.74054
YOR347C,5752,507,0.01199,0.075,0.84944
YOR348C,5753,628,0.01268,0.075,0.8064
YOR350C,5755,664,0.00522,0.035,0.82639
YOR351C,5756,498,0.0074,0.045,0.86182
YOR353C,5758,792,0.00685,0.045,0.78042
YOR354C,5759,693,0.00888,0.065,0.81048
YOR355W,5760,523,0.00526,0.035,0.83817
YOR356W,5761,632,0.00823,0.055,0.83328
YOR360C,5765,527,0.01059,0.075,0.85433
YOR363C,5768,997,0.00442,0.035,0.71829
YOR370C,5775,604,0.01184,0.075,0.84328
YOR371C,5776,898,0.00565,0.045,0.75035
YOR372C,5777,555,0.0096,0.055,0.83062
YOR375C,5780,455,0.01692,0.195,0.92038
YOR377W,5782,526,0.01047,0.065,0.85698
YOR378W,5783,516,0.00391,0.025,0.81908
YOR380W,5785,547,0.00489,0.035,0.81522
YOR381W,5786,712,0.00284,0.025,0.78588
YOR384W,5789,695,0.00292,0.025,0.7753
YOR386W,5791,566,0.01148,0.085,0.84223
YOR389W,5794,625,0.00655,0.045,0.82259
YPL003W,5803,463,0.00716,0.045,0.85012
YPL005W,5805,607,0.01455,0.085,0.80712
YPL007C,5807,589,0.01118,0.075,0.82698
YPL008W,5808,862,0.00497,0.035,0.74667
YPL017C,5817,500,0.0082,0.045,0.82742
YPL020C,5820,622,0.00615,0.045,0.84087
YPL023C,5823,658,0.01251,0.075,0.81531
YPL026C,5826,503,0.00974,0.055,0.8447
YPL029W,5829,738,0.00676,0.045,0.80193
YPL030W,5830,568,0.01255,0.075,0.84094
YPL032C,5832,826,0.00671,0.055,0.79579
YPL036W,5836,948,0.01332,0.105,0.79617
YPL042C,5842,556,0.00376,0.025,0.82821
YPL043W,5843,686,0.01266,0.095,0.84484
YPL045W,5845,799,0.00612,0.045,0.77811
YPL049C,5849,453,0.00992,0.055,0.8511
YPL061W,5861,501,0.02193,0.265,0.91814
YPL063W,5863,477,0.01594,0.125,0.8731
YPL066W,5866,480,0.00431,0.035,0.8602
YPL070W,5870,613,0.0088,0.055,0.8259
YPL072W,5872,500,0.00657,0.045,0.8562
YPL074W,5874,755,0.00739,0.045,0.76599
YPL075W,5875,786,0.00257,0.025,0.77097
YPL084W,5884,845,0.01343,0.085,0.77092
YPL086C,5886,558,0.01413,0.095,0.85233
YPL089C,5889,677,0.00808,0.055,0.80207
YPL091W,5891,484,0.01966,0.175,0.87738
YPL092W,5892,459,0.00801,0.055,0.85621
YPL093W,5893,648,0.0141,0.145,0.86642
YPL095C,5895,457,0.00969,0.065,0.85889
YPL097W,5898,493,0.01033,0.055,0.84496
YPL100W,5901,497,0.01102,0.065,0.84792
YPL101W,5902,457,0.00862,0.055,0.86922
YPL103C,5904,469,0.01132,0.065,0.86009
YPL104W,5905,659,0.00785,0.055,0.81592
YPL105C,5906,850,0.00666,0.045,0.78349
YPL106C,5907,694,0.01705,0.195,0.87776
YPL109C,5910,658,0.03017,0.175,0.79497
YPL116W,5917,698,0.00965,0.065,0.81394
YPL119C,5920,618,0.00871,0.055,0.83563
YPL120W,5921,558,0.0077,0.055,0.83237
YPL122C,5923,514,0.00731,0.055,0.87549
YPL126W,5927,897,0.01116,0.085,0.76712
YPL128C,5929,563,0.01218,0.075,0.82087
YPL139C,5940,461,0.01646,0.095,0.86306
YPL140C,5941,507,0.00768,0.045,0.84006
YPL141C,5942,866,0.00552,0.035,0.75876
YPL146C,5947,456,0.01274,0.085,0.88585
YPL147W,5948,871,0.00382,0.035,0.76008
YPL150W,5951,902,0.01069,0.065,0.7523
YPL151C,5952,452,0.00954,0.055,0.85064
YPL153C,5954,822,0.00592,0.045,0.76579
YPL155C,5956,707,0.00817,0.055,0.7922
YPL158C,5959,759,0.00619,0.045,0.80818
YPL161C,5962,634,0.00772,0.045,0.80825
YPL164C,5965,716,0.00623,0.045,0.80026
YPL169C,5970,600,0.01405,0.085,0.81166
YPL172C,5973,463,0.00906,0.055,0.86112
YPL174C,5975,869,0.00356,0.025,0.75625
YPL175W,5976,453,0.01168,0.065,0.85162
YPL176C,5977,784,0.00643,0.045,0.76912
YPL179W,5980,550,0.00413,0.035,0.85593
YPL180W,5981,800,0.00653,0.045,0.77868
YPL181W,5982,507,0.00971,0.065,0.84345
YPL184C,5986,613,0.00897,0.065,0.84957
YPL189W,5991,610,0.00791,0.055,0.81802
YPL190C,5992,803,0.01331,0.095,0.79769
YPL194W,5996,613,0.0175,0.105,0.8218
YPL201C,6003,462,0.00849,0.055,0.84907
YPL204W,6006,495,0.01458,0.095,0.86
YPL207W,6009,811,0.01213,0.085,0.78876
YPL208W,6010,584,0.00911,0.055,0.81752
YPL210C,6012,641,0.01281,0.085,0.82995
YPL212C,6014,545,0.01265,0.095,0.86564
YPL214C,6016,541,0.01038,0.065,0.85543
YPL219W,6021,493,0.01036,0.065,0.84653
YPL221W,6023,794,0.00904,0.065,0.77881
YPL222W,6024,689,0.00673,0.045,0.77389
YPL228W,6030,550,0.01231,0.085,0.85899
YPL240C,6042,710,0.01622,0.175,0.89053
YPL243W,6045,600,0.01424,0.095,0.84876
YPL247C,6049,524,0.00982,0.055,0.82683
YPL248C,6050,882,0.00295,0.025,0.73545
YPL249C,6051,895,0.00658,0.045,0.75633
YPL253C,6056,648,0.00823,0.055,0.81766
YPL254W,6057,489,0.00899,0.055,0.84677
YPL256C,6059,546,0.01458,0.095,0.84769
YPL258C,6061,552,0.00387,0.035,0.85865
YPL259C,6062,476,0.01126,0.075,0.86386
YPL260W,6063,552,0.01565,0.105,0.85238
YPL262W,6065,489,0.01701,0.125,0.87691
YPL263C,6066,652,0.01102,0.075,0.82492
YPL265W,6068,609,0.02102,0.155,0.84761
YPL268W,6071,870,0.0037,0.035,0.77036
YPL269W,6072,645,0.0042,0.035,0.81583
YPL270W,6073,774,0.00772,0.045,0.75672
YPL272C,6075,518,0.00772,0.055,0.85831
YPL274W,6077,588,0.01328,0.085,0.83228
YPL277C,6078,488,0.01087,0.065,0.83312
YPR001W,6085,487,0.00791,0.055,0.84619
YPR002W,6087,517,0.01035,0.065,0.845
YPR003C,6088,755,0.00698,0.045,0.77263
YPR006C,6091,576,0.01728,0.105,0.83619
YPR007C,6092,681,0.01544,0.115,0.80804
YPR008W,6093,695,0.00763,0.055,0.79638
YPR018W,6104,607,0.01653,0.115,0.83057
YPR019W,6105,934,0.01012,0.065,0.75871
YPR021C,6107,903,0.00447,0.035,0.76504
YPR024W,6110,748,0.01088,0.095,0.80715
YPR029C,6115,833,0.00779,0.055,0.76945
YPR031W,6117,749,0.00504,0.035,0.79168
YPR033C,6119,547,0.01491,0.155,0.87664
YPR034W,6120,478,0.01261,0.075,0.85776
YPR036W,6122,479,0.01272,0.075,0.85658
YPR045C,6131,471,0.01172,0.075,0.86033
YPR047W,6133,470,0.0098,0.065,0.85609
YPR048W,6134,624,0.01007,0.065,0.82371
YPR068C,6154,471,0.01028,0.065,0.85151
YPR070W,6156,567,0.00984,0.065,0.82764
YPR072W,6158,561,0.00991,0.065,0.84443
YPR074C,6160,681,0.01563,0.155,0.86965
YPR080W,6167,459,0.01444,0.205,0.93867
YPR081C,6168,619,0.01023,0.065,0.82289
YPR083W,6170,580,0.01163,0.065,0.82205
YPR084W,6171,457,0.00761,0.045,0.8679
YPR088C,6175,542,0.0126,0.085,0.85838
YPR089W,6176,889,0.04272,0.475,0.75096
YPR091C,6177,771,0.00868,0.055,0.79208
YPR104C,6190,937,0.00568,0.035,0.73773
YPR105C,6191,862,0.00524,0.035,0.75299
YPR111W,6197,565,0.0113,0.075,0.82832
YPR112C,6198,888,0.00838,0.065,0.78977
YPR119W,6205,492,0.01024,0.065,0.85248
YPR121W,6207,573,0.00352,0.035,0.85348
YPR125W,6211,455,0.01279,0.075,0.86358
YPR135W,6222,928,0.00621,0.045,0.76109
YPR137W,6224,574,0.01697,0.115,0.83631
YPR138C,6225,490,0.00412,0.035,0.88185
YPR141C,6228,730,0.00812,0.055,0.7811
YPR144C,6231,553,0.0192,0.135,0.83351
YPR145W,6232,573,0.01493,0.145,0.89024
YPR152C,6239,466,0.01253,0.075,0.86125
YPR155C,6242,617,0.00904,0.055,0.82398
YPR156C,6243,623,0.01657,0.145,0.84995
YPR157W,6244,468,0.00739,0.045,0.86529
YPR159W,6246,721,0.01436,0.105,0.81354
YPR160W,6247,903,0.00833,0.065,0.79748
YPR161C,6248,658,0.01016,0.065,0.80897
YPR162C,6249,530,0.01051,0.065,0.83693
YPR169W,6256,493,0.01012,0.065,0.87685
YPR171W,6259,577,0.00977,0.065,0.82687
YPR175W,6263,690,0.00797,0.055,0.80731
YPR178W,6266,466,0.01055,0.065,0.85082
YPR179C,6267,656,0.00847,0.055,0.8277
YPR181C,6269,769,0.01244,0.085,0.79658
YPR185W,6273,739,0.00437,0.035,0.76868
YPR190C,6278,655,0.0088,0.065,0.81138
YPR194C,6282,878,0.01214,0.085,0.78101
YPR196W,6284,471,0.00671,0.045,0.84204
YPR198W,6286,544,0.0092,0.055,0.82852
