YAL014C,12,256,0.0098,0.045,0.89464
YAL018C,17,326,0.02025,0.135,0.90446
YAL020C,20,334,0.01567,0.075,0.88309
YAL025C,25,307,0.01692,0.115,0.91518
YAL027W,28,262,0.01784,0.105,0.90676
YAL037W,43,268,0.01588,0.075,0.9001
YAL039C,45,270,0.01757,0.095,0.91578
YBL010C,121,281,0.01667,0.095,0.91518
YBL030C,142,319,0.01871,0.175,0.94333
YBL031W,143,339,0.01115,0.065,0.90445
YBL033C,145,346,0.01717,0.085,0.8792
YBL036C,148,258,0.0201,0.135,0.93455
YBL043W,155,258,0.02498,0.145,0.92663
YBL050W,162,293,0.01522,0.095,0.91269
YBL064C,177,262,0.02305,0.175,0.92853
YBL068W,181,328,0.01448,0.095,0.91769
YBL095W,210,271,0.0124,0.065,0.91553
YBR011C,240,288,0.02037,0.225,0.9482
YBR024W,253,302,0.01341,0.075,0.91286
YBR034C,263,349,0.02148,0.165,0.91645
YBR037C,266,296,0.0163,0.085,0.89064
YBR039W,268,312,0.01521,0.145,0.94204
YBR040W,269,299,0.01264,0.075,0.90885
YBR046C,275,335,0.01663,0.105,0.90081
YBR050C,279,339,0.01213,0.065,0.89471
YBR054W,283,345,0.01822,0.155,0.93476
YBR061C,292,311,0.01667,0.095,0.90194
YBR076W,306,340,0.01043,0.065,0.9016
YBR085W,317,308,0.01667,0.115,0.9227
YBR101C,333,291,0.02014,0.125,0.91806
YBR104W,337,330,0.01258,0.075,0.90205
YBR119W,353,299,0.01864,0.095,0.88352
YBR128C,363,345,0.01433,0.075,0.87656
YBR129C,364,329,0.00701,0.045,0.89899
YBR141C,376,338,0.01424,0.085,0.88276
YBR146W,381,279,0.00909,0.055,0.9082
YBR147W,382,297,0.01196,0.065,0.90135
YBR149W,384,345,0.01753,0.125,0.90766
YBR151W,386,317,0.00806,0.055,0.90586
YBR157C,392,256,0.0318,0.185,0.91958
YBR159W,394,348,0.01631,0.135,0.914
YBR160W,395,299,0.01811,0.115,0.91765
YBR165W,401,278,0.01587,0.085,0.89759
YBR176W,412,313,0.01726,0.105,0.90459
YBR183W,419,317,0.01611,0.085,0.89371
YBR185C,421,279,0.01458,0.095,0.90879
YBR187W,423,281,0.00952,0.065,0.92062
YBR211C,448,325,0.01322,0.075,0.888
YBR213W,450,275,0.01304,0.075,0.90574
YBR228W,465,305,0.01322,0.085,0.90358
YBR231C,468,304,0.0169,0.085,0.8897
YBR251W,489,308,0.01825,0.115,0.90953
YBR257W,496,280,0.02231,0.135,0.91682
YBR290W,529,322,0.014,0.095,0.90271
YBR291C,530,300,0.01661,0.095,0.91576
YCL002C,545,252,0.01961,0.125,0.91169
YCL005W,547,257,0.00785,0.045,0.90534
YCL009C,550,310,0.00884,0.065,0.91044
YCL010C,551,260,0.01339,0.075,0.90341
YCL031C,568,298,0.00926,0.065,0.92025
YCL032W,569,347,0.0146,0.085,0.89332
YCL047C,584,259,0.0172,0.105,0.91392
YCL049C,586,313,0.01679,0.105,0.89974
YCL050C,587,322,0.02229,0.195,0.93115
YCL055W,591,336,0.01518,0.085,0.89517
YCL059C,596,317,0.01593,0.115,0.91798
YCL068C,603,261,0.01418,0.075,0.90342
YCR002C,608,323,0.01706,0.135,0.91045
YCR010C,616,284,0.0136,0.105,0.92967
YCR015C,621,318,0.01351,0.085,0.91204
YCR016W,622,291,0.01867,0.115,0.91522
YCR021C,630,333,0.01299,0.095,0.9129
YCR034W,644,348,0.02029,0.145,0.90832
YCR036W,646,334,0.01212,0.075,0.90007
YCR047C,658,276,0.01751,0.085,0.89283
YCR059C,667,259,0.00779,0.045,0.92143
YCR069W,676,319,0.01232,0.075,0.90886
YCR075C,681,261,0.01049,0.055,0.90944
YCR076C,682,251,0.01978,0.105,0.91865
YDR044W,1016,329,0.01824,0.215,0.93455
YDR051C,1023,335,0.01431,0.095,0.89795
YDR054C,1026,296,0.01784,0.115,0.91056
YDR058C,1030,327,0.01804,0.105,0.90367
YDR068W,1040,311,0.01994,0.135,0.92383
YDR075W,1047,309,0.01069,0.065,0.90903
YDR077W,1049,339,0.01776,0.175,0.93241
YDR087C,1060,279,0.01999,0.115,0.9215
YDR090C,1063,311,0.01635,0.095,0.90581
YDR098C,1071,286,0.01681,0.115,0.92097
YDR099W,1072,274,0.01985,0.155,0.94611
YDR106W,1079,285,0.01459,0.085,0.90512
YDR116C,1089,286,0.01408,0.085,0.91931
YDR123C,1096,305,0.01238,0.065,0.89172
YDR124W,1097,325,0.01068,0.065,0.89283
YDR126W,1099,337,0.01402,0.075,0.88222
YDR130C,1103,292,0.01675,0.085,0.88991
YDR151C,1123,326,0.01455,0.075,0.89415
YDR152W,1124,266,0.01768,0.125,0.9225
YDR175C,1147,320,0.01607,0.095,0.90456
YDR184C,1157,295,0.01221,0.075,0.92387
YDR204W,1177,336,0.0139,0.085,0.89411
YDR233C,1206,296,0.02096,0.205,0.94219
YDR237W,1210,293,0.01327,0.085,0.91652
YDR262W,1235,273,0.01937,0.115,0.91129
YDR265W,1238,338,0.01322,0.075,0.89898
YDR267C,1240,331,0.01482,0.095,0.90448
YDR272W,1245,275,0.01893,0.135,0.92349
YDR280W,1253,306,0.01483,0.085,0.90764
YDR284C,1257,290,0.01735,0.105,0.91222
YDR287W,1260,293,0.01508,0.105,0.9135
YDR288W,1261,304,0.01107,0.065,0.91291
YDR313C,1286,287,0.0103,0.055,0.90085
YDR315C,1288,282,0.00986,0.055,0.91531
YDR319C,1292,275,0.01407,0.095,0.91394
YDR336W,1311,315,0.01127,0.065,0.89044
YDR337W,1312,287,0.01481,0.095,0.92078
YDR347W,1322,322,0.0104,0.055,0.89967
YDR352W,1327,318,0.01651,0.095,0.89557
YDR353W,1328,320,0.01798,0.135,0.92799
YDR361C,1336,284,0.02052,0.125,0.91285
YDR372C,1348,346,0.01171,0.075,0.90401
YDR374C,1350,307,0.00803,0.055,0.9184
YDR384C,1362,276,0.02025,0.125,0.9115
YDR400W,1378,341,0.01021,0.065,0.90332
YDR405W,1383,264,0.0147,0.075,0.90387
YDR411C,1389,342,0.01743,0.105,0.88448
YDR428C,1406,262,0.01796,0.095,0.91578
YDR429C,1407,275,0.0169,0.135,0.93608
YDR435C,1413,329,0.01058,0.065,0.89609
YDR439W,1417,348,0.01174,0.065,0.89017
YDR446W,1424,303,0.02108,0.105,0.89774
YDR460W,1438,322,0.01685,0.105,0.89101
YDR472W,1450,284,0.01518,0.085,0.91385
YDR480W,1457,324,0.01333,0.075,0.89436
YDR489W,1466,295,0.01362,0.085,0.91415
YDR492W,1469,317,0.0185,0.115,0.91392
YDR503C,1480,275,0.01382,0.075,0.916
YDR530C,1510,326,0.01895,0.105,0.89057
YDR541C,1521,345,0.00585,0.045,0.90494
YEL005C,1530,283,0.01758,0.095,0.90866
YEL017W,1544,338,0.01409,0.075,0.88628
YEL018W,1546,280,0.02034,0.115,0.90676
YEL019C,1547,268,0.01556,0.105,0.91501
YEL021W,1550,268,0.01715,0.125,0.9313
YEL029C,1558,313,0.01051,0.065,0.90552
YEL051W,1582,257,0.01353,0.115,0.94827
YER011W,1625,255,0.01937,0.225,0.95829
YER016W,1631,345,0.01182,0.075,0.89891
YER023W,1639,287,0.01888,0.125,0.91571
YER026C,1642,277,0.01963,0.125,0.91989
YER037W,1653,322,0.01551,0.095,0.91295
YER053C,1674,301,0.00997,0.065,0.91571
YER055C,1677,298,0.01361,0.085,0.91104
YER062C,1686,251,0.02527,0.235,0.94185
YER076C,1704,303,0.01111,0.065,0.90752
YER099C,1735,319,0.0158,0.085,0.89134
YER100W,1736,251,0.02043,0.145,0.92939
YER106W,1742,303,0.01408,0.085,0.9135
YER116C,1752,275,0.01645,0.085,0.91423
YER126C,1763,262,0.01877,0.155,0.94098
YER142C,1781,297,0.01513,0.095,0.90465
YER153C,1796,255,0.0107,0.055,0.90014
YER156C,1799,339,0.01813,0.115,0.89927
YER161C,1803,334,0.0082,0.055,0.88777
YER175C,1819,300,0.01791,0.105,0.90372
YER177W,1821,268,0.02217,0.175,0.93418
YER179W,1823,335,0.01871,0.105,0.89786
YER180C,1824,268,0.00753,0.045,0.90923
YER185W,1830,304,0.01198,0.075,0.90767
YER186C,1831,307,0.00779,0.045,0.89795
YFL028C,1869,290,0.01722,0.095,0.9075
YFL044C,1885,302,0.01339,0.085,0.91934
YFL045C,1886,255,0.02293,0.255,0.96148
YFL058W,1899,341,0.01409,0.125,0.93405
YFL059W,1900,299,0.01244,0.085,0.92146
YFR004W,1913,307,0.01905,0.135,0.91416
YFR025C,1935,336,0.00886,0.055,0.906
YFR027W,1937,282,0.01339,0.075,0.89888
YFR032C,1943,290,0.00696,0.045,0.9176
YFR034C,1946,313,0.01575,0.085,0.88633
YFR041C,1954,296,0.01873,0.125,0.91996
YFR045W,1958,310,0.01652,0.105,0.90549
YFR047C,1960,296,0.01321,0.085,0.91293
YFR050C,1963,267,0.01606,0.095,0.91702
YFR052W,1966,275,0.01569,0.095,0.91589
YFR055W,1969,341,0.01955,0.115,0.88723
YGL001C,1972,350,0.01736,0.115,0.89886
YGL005C,1976,280,0.01641,0.095,0.90926
YGL011C,1983,253,0.01335,0.095,0.93229
YGL039W,2011,349,0.01185,0.085,0.91296
YGL040C,2012,343,0.0201,0.135,0.91105
YGL043W,2015,310,0.01482,0.105,0.92008
YGL044C,2016,297,0.01703,0.105,0.89798
YGL050W,2021,274,0.01173,0.065,0.91375
YGL057C,2028,288,0.01139,0.065,0.90563
YGL081W,2052,321,0.01154,0.065,0.89999
YGL085W,2056,275,0.0092,0.055,0.92799
YGL091C,2062,329,0.0167,0.095,0.89936
YGL096W,2067,277,0.01759,0.095,0.91028
YGL100W,2071,350,0.01104,0.065,0.90305
YGL115W,2086,323,0.0127,0.075,0.90119
YGL117W,2088,266,0.01631,0.095,0.90924
YGL123W,2094,255,0.01839,0.245,0.96921
YGL128C,2099,284,0.01424,0.075,0.9086
YGL136C,2107,321,0.03747,0.265,0.89766
YGL146C,2117,312,0.00961,0.045,0.8875
YGL153W,2124,342,0.00708,0.045,0.89833
YGL154C,2125,273,0.00998,0.065,0.91651
YGL157W,2128,348,0.01347,0.095,0.9242
YGL161C,2132,311,0.01431,0.075,0.90124
YGL162W,2133,300,0.01244,0.075,0.9087
YGL174W,2145,267,0.01866,0.115,0.9164
YGL175C,2146,346,0.00802,0.045,0.90031
YGL212W,2183,317,0.01695,0.085,0.88874
YGL221C,2192,289,0.01389,0.085,0.91894
YGL224C,2195,281,0.01427,0.075,0.91672
YGL225W,2196,338,0.01827,0.135,0.92349
YGL232W,2204,290,0.01493,0.095,0.91623
YGL237C,2209,266,0.01577,0.085,0.91109
YGL240W,2212,251,0.01439,0.075,0.91298
YGL254W,2226,300,0.01784,0.105,0.89921
YGR006W,2242,252,0.01244,0.065,0.9108
YGR007W,2243,324,0.00994,0.065,0.90522
YGR015C,2251,329,0.01014,0.055,0.8858
YGR017W,2253,298,0.00855,0.055,0.91251
YGR021W,2257,291,0.01737,0.105,0.90422
YGR026W,2262,279,0.02027,0.125,0.91482
YGR031W,2267,343,0.01613,0.085,0.88511
YGR042W,2278,272,0.01495,0.085,0.9084
YGR043C,2279,334,0.01467,0.095,0.91375
YGR044C,2280,301,0.01302,0.075,0.89147
YGR053C,2289,284,0.01359,0.085,0.92425
YGR058W,2294,336,0.01607,0.095,0.90191
YGR062C,2298,317,0.01113,0.055,0.87507
YGR080W,2316,333,0.01847,0.095,0.88999
YGR086C,2322,340,0.0181,0.145,0.925
YGR096W,2332,315,0.01104,0.065,0.89059
YGR101W,2337,347,0.01395,0.075,0.8762
YGR104C,2340,308,0.01723,0.115,0.90615
YGR106C,2342,266,0.01371,0.125,0.93458
YGR113W,2349,344,0.01387,0.085,0.9011
YGR115C,2351,260,0.04598,0.195,0.93605
YGR120C,2356,263,0.01227,0.065,0.92149
YGR127W,2364,313,0.01055,0.065,0.90137
YGR132C,2369,288,0.01441,0.095,0.91277
YGR135W,2372,259,0.0149,0.095,0.91885
YGR144W,2381,327,0.01155,0.105,0.93406
YGR147C,2384,289,0.00926,0.055,0.89625
YGR152C,2389,273,0.01706,0.105,0.91845
YGR158C,2395,251,0.01684,0.105,0.91445
YGR161C,2398,264,0.02079,0.095,0.89573
YGR163W,2400,342,0.01347,0.075,0.89268
YGR165W,2402,346,0.01184,0.075,0.90753
YGR180C,2417,346,0.01925,0.185,0.92746
YGR207C,2444,262,0.01916,0.135,0.92694
YGR213C,2450,318,0.01376,0.075,0.90114
YGR214W,2451,253,0.01793,0.195,0.95632
YGR220C,2457,270,0.01086,0.085,0.92417
YGR222W,2459,294,0.01193,0.055,0.90155
YGR231C,2468,311,0.01585,0.105,0.90238
YGR239C,2476,289,0.01598,0.085,0.89618
YGR248W,2485,256,0.03677,0.275,0.91561
YGR253C,2490,261,0.01822,0.105,0.91526
YGR277C,2515,306,0.01637,0.085,0.89574
YGR280C,2518,272,0.01553,0.095,0.92114
YGR282C,2520,314,0.01789,0.205,0.94077
YGR283C,2521,342,0.01369,0.085,0.90823
YGR284C,2522,311,0.01794,0.135,0.91541
YHL009C,2545,331,0.0159,0.105,0.90975
YHL011C,2547,321,0.01224,0.085,0.92128
YHL013C,2549,308,0.01883,0.115,0.90743
YHL025W,2562,333,0.01473,0.065,0.87147
YHL026C,2563,316,0.01582,0.095,0.9064
YHL033C,2571,257,0.01766,0.215,0.96979
YHL034C,2572,295,0.02217,0.195,0.94045
YHL049C,2589,272,0.00814,0.045,0.90017
YHR012W,2604,283,0.01508,0.095,0.91806
YHR029C,2623,295,0.01841,0.115,0.90862
YHR034C,2628,345,0.0113,0.065,0.88737
YHR046C,2641,296,0.01732,0.105,0.91323
YHR058C,2655,296,0.01363,0.085,0.90745
YHR061C,2658,315,0.0115,0.075,0.89641
YHR062C,2659,294,0.01397,0.075,0.89584
YHR067W,2665,281,0.01423,0.075,0.91277
YHR076W,2678,344,0.01374,0.095,0.90512
YHR083W,2686,330,0.00649,0.035,0.88264
YHR085W,2688,335,0.01698,0.095,0.89021
YHR088W,2691,296,0.019,0.135,0.92245
YHR090C,2693,283,0.01676,0.105,0.91805
YHR101C,2704,336,0.0126,0.065,0.8874
YHR104W,2707,328,0.01703,0.135,0.91748
YHR106W,2709,343,0.01613,0.105,0.89308
YHR133C,2738,292,0.01205,0.075,0.92009
YHR134W,2739,270,0.01067,0.065,0.92167
YHR142W,2748,317,0.0119,0.075,0.90602
YHR143W,2749,326,0.01901,0.115,0.89693
YHR144C,2751,313,0.01705,0.115,0.91104
YHR156C,2763,341,0.01618,0.105,0.89956
YHR167W,2775,262,0.01677,0.085,0.91109
YHR187W,2796,310,0.01688,0.105,0.89822
YHR192W,2801,279,0.01715,0.095,0.91317
YHR195W,2805,322,0.01358,0.075,0.8984
YHR198C,2808,322,0.0143,0.085,0.90212
YHR199C,2809,311,0.0141,0.085,0.89714
YHR200W,2810,269,0.01564,0.075,0.89931
YHR203C,2813,262,0.01369,0.185,0.96403
YHR209W,2819,292,0.01464,0.085,0.91285
YHR210C,2820,342,0.0112,0.065,0.89575
YIL003W,2834,294,0.01265,0.075,0.8944
YIL011W,2843,270,0.0179,0.185,0.95986
YIL018W,2851,255,0.01116,0.135,0.96895
YIL019W,2852,347,0.0145,0.095,0.89708
YIL021W,2855,319,0.01682,0.105,0.91029
YIL034C,2870,288,0.01451,0.085,0.91094
YIL041W,2877,327,0.02354,0.165,0.90833
YIL043C,2879,285,0.00716,0.045,0.91729
YIL044C,2880,299,0.00923,0.055,0.90085
YIL049W,2886,254,0.0146,0.075,0.91309
YIL050W,2887,286,0.01099,0.065,0.90848
YIL053W,2890,251,0.02403,0.415,0.96348
YIL061C,2898,301,0.01795,0.105,0.90627
YIL063C,2900,328,0.0147,0.105,0.9139
YIL064W,2901,258,0.01218,0.075,0.91848
YIL070C,2909,267,0.02103,0.145,0.92825
YIL076W,2916,297,0.01446,0.095,0.91276
YIL077C,2917,321,0.01652,0.095,0.89652
YIL082W,2920,291,0.01067,0.065,0.91755
YIL084C,2922,328,0.01287,0.085,0.9119
YIL096C,2934,337,0.01446,0.085,0.8873
YIL106W,2945,315,0.01488,0.085,0.89398
YIL114C,2953,282,0.01176,0.075,0.91682
YIL117C,2957,319,0.01598,0.085,0.88904
YIL124W,2964,298,0.0164,0.135,0.9166
YIL134W,2974,312,0.00784,0.045,0.89499
YIL145C,2986,310,0.01284,0.065,0.88499
YIL154C,2995,347,0.01814,0.095,0.8717
YIR001C,3015,251,0.01444,0.085,0.91901
YIR011C,3025,320,0.0185,0.105,0.89724
YIR035C,3054,255,0.01466,0.095,0.93758
YIR036C,3055,264,0.01493,0.075,0.91776
YJL023C,3082,348,0.03118,0.245,0.88744
YJL035C,3094,251,0.00896,0.055,0.93048
YJL043W,3101,258,0.0173,0.085,0.90563
YJL052W,3112,333,0.02103,0.285,0.94916
YJL066C,3127,253,0.01655,0.085,0.91745
YJL068C,3129,300,0.01776,0.115,0.9164
YJL079C,3140,300,0.01819,0.175,0.92675
YJL088W,3149,339,0.02072,0.165,0.91386
YJL115W,3174,280,0.01912,0.115,0.91573
YJL116C,3175,338,0.01568,0.115,0.91868
YJL117W,3176,312,0.01932,0.115,0.90901
YJL126W,3185,308,0.01734,0.095,0.8944
YJL133W,3193,315,0.0102,0.055,0.88902
YJL145W,3206,295,0.01718,0.125,0.92659
YJL160C,3222,288,0.02131,0.115,0.90812
YJL174W,3236,277,0.01629,0.095,0.91704
YJL178C,3240,272,0.02098,0.155,0.92216
YJL180C,3242,326,0.01276,0.085,0.90854
YJL185C,3247,294,0.01135,0.065,0.90133
YJL196C,3258,311,0.01763,0.095,0.89875
YJL203W,3265,281,0.01426,0.095,0.926
YJL208C,3269,330,0.01339,0.085,0.9032
YJL210W,3271,272,0.00764,0.045,0.91057
YJL213W,3274,332,0.03576,0.245,0.89686
YJR007W,3292,305,0.018,0.165,0.9411
YJR008W,3293,339,0.01212,0.075,0.89577
YJR009C,3294,333,0.02163,0.285,0.96493
YJR011C,3297,262,0.02203,0.125,0.91111
YJR070C,3352,326,0.02002,0.165,0.93371
YJR077C,3359,312,0.01763,0.145,0.93234
YJR083C,3364,310,0.02026,0.115,0.89592
YJR088C,3369,293,0.01648,0.095,0.9084
YJR093C,3374,328,0.0165,0.095,0.90438
YJR095W,3377,323,0.01939,0.125,0.91531
YJR105W,3387,341,0.01751,0.155,0.92107
YJR107W,3389,329,0.00864,0.055,0.90946
YJR111C,3393,284,0.01567,0.105,0.90967
YJR116W,3398,280,0.00992,0.055,0.89663
YJR129C,3411,340,0.01239,0.065,0.88635
YJR141W,3424,348,0.00978,0.055,0.89192
YJR142W,3425,343,0.01645,0.105,0.90864
YJR144W,3427,270,0.01326,0.085,0.92796
YJR145C,3428,262,0.01602,0.215,0.9674
YJR150C,3433,299,0.01177,0.095,0.93695
YJR154W,3437,347,0.00815,0.055,0.90466
YJR155W,3438,289,0.00752,0.045,0.91386
YJR156C,3439,341,0.01497,0.135,0.93
YKL007W,3453,269,0.01636,0.105,0.92284
YKL018W,3465,330,0.01482,0.085,0.89622
YKL019W,3466,317,0.0126,0.075,0.89928
YKL023W,3470,278,0.01691,0.085,0.9037
YKL040C,3488,257,0.0174,0.115,0.92366
YKL052C,3500,293,0.01265,0.065,0.89882
YKL055C,3504,279,0.0098,0.065,0.91531
YKL071W,3520,257,0.00872,0.055,0.91816
YKL085W,3534,335,0.01699,0.145,0.9289
YKL091C,3540,311,0.0157,0.105,0.91547
YKL093W,3542,340,0.00594,0.035,0.88109
YKL094W,3543,314,0.01435,0.095,0.9063
YKL095W,3544,279,0.01715,0.095,0.9034
YKL099C,3549,251,0.01647,0.115,0.92092
YKL107W,3558,310,0.00746,0.045,0.90426
YKL110C,3561,314,0.01107,0.075,0.90053
YKL120W,3571,325,0.02309,0.155,0.90663
YKL128C,3579,296,0.01268,0.075,0.90999
YKL150W,3601,303,0.02574,0.175,0.91928
YKL151C,3602,338,0.01552,0.085,0.89402
YKL163W,3614,326,0.02268,0.175,0.93071
YKL164C,3615,342,0.02188,0.255,0.94337
YKL183W,3635,307,0.01583,0.085,0.89461
YKL193C,3645,339,0.0173,0.105,0.90075
YKL206C,3656,268,0.01581,0.085,0.90811
YKL207W,3657,254,0.01845,0.095,0.91145
YKL216W,3666,315,0.02214,0.155,0.92149
YKL218C,3668,327,0.01247,0.065,0.88732
YKR006C,3681,265,0.01571,0.115,0.92759
YKR013W,3688,330,0.02181,0.175,0.91553
YKR022C,3697,323,0.00979,0.055,0.90406
YKR025W,3700,283,0.01415,0.085,0.91307
YKR026C,3701,306,0.01835,0.115,0.90698
YKR030W,3705,274,0.01752,0.095,0.90017
YKR034W,3709,270,0.00938,0.055,0.91459
YKR037C,3713,296,0.01727,0.105,0.90293
YKR041W,3717,251,0.00921,0.055,0.92663
YKR043C,3719,272,0.02072,0.165,0.92375
YKR046C,3722,284,0.01848,0.105,0.92268
YKR052C,3728,305,0.0154,0.105,0.91169
YKR060W,3736,275,0.01866,0.115,0.91204
YKR062W,3738,329,0.01122,0.085,0.92328
YKR071C,3747,349,0.01594,0.125,0.90929
YKR075C,3751,308,0.02033,0.125,0.90738
YKR080W,3756,321,0.01294,0.085,0.91363
YKR081C,3757,345,0.01866,0.155,0.92375
YKR087C,3763,346,0.01485,0.085,0.89534
YKR088C,3764,338,0.01189,0.085,0.90861
YKR104W,3780,307,0.01269,0.085,0.9099
YLL023C,3804,280,0.02301,0.145,0.91614
YLL027W,3808,251,0.0178,0.125,0.92123
YLL041C,3822,267,0.01596,0.105,0.9209
YLL045C,3826,257,0.01972,0.255,0.96393
YLL062C,3843,325,0.01611,0.095,0.90161
YLR003C,3851,292,0.00793,0.055,0.90625
YLR007W,3855,337,0.00704,0.045,0.89433
YLR017W,3865,338,0.01551,0.105,0.90703
YLR018C,3866,300,0.01652,0.085,0.89605
YLR022C,3870,251,0.01149,0.075,0.92784
YLR026C,3874,341,0.01539,0.085,0.89564
YLR046C,3894,271,0.04037,0.195,0.89263
YLR048W,3896,253,0.01801,0.235,0.96292
YLR052W,3900,251,0.00912,0.055,0.92275
YLR059C,3907,270,0.00973,0.055,0.92503
YLR064W,3912,274,0.02827,0.165,0.89724
YLR079W,3927,285,0.01325,0.065,0.89622
YLR091W,3939,294,0.01638,0.085,0.88826
YLR093C,3941,254,0.01449,0.085,0.91588
YLR097C,3945,345,0.00691,0.045,0.89475
YLR100W,3949,348,0.01557,0.105,0.89116
YLR128W,3977,270,0.01472,0.085,0.90747
YLR132C,3981,291,0.03863,0.205,0.89135
YLR136C,3985,286,0.01259,0.075,0.90935
YLR146C,3995,301,0.01224,0.085,0.92113
YLR150W,4000,274,0.01692,0.215,0.95982
YLR151C,4001,341,0.03529,0.445,0.89028
YLR172C,4023,301,0.01751,0.175,0.92013
YLR181C,4032,331,0.01558,0.085,0.90019
YLR186W,4037,253,0.01772,0.105,0.92388
YLR192C,4043,266,0.0214,0.165,0.94305
YLR194C,4045,255,0.02003,0.115,0.91435
YLR199C,4050,277,0.02256,0.125,0.89647
YLR201C,4052,261,0.01352,0.095,0.92922
YLR205C,4056,318,0.02248,0.125,0.88856
YLR208W,4059,298,0.01599,0.125,0.92703
YLR209C,4060,312,0.01492,0.095,0.90189
YLR220W,4071,323,0.01614,0.095,0.89789
YLR239C,4090,329,0.00829,0.055,0.90419
YLR242C,4093,322,0.00627,0.035,0.89606
YLR257W,4108,322,0.01547,0.095,0.90274
YLR265C,4118,343,0.00627,0.045,0.90189
YLR271W,4124,275,0.00886,0.055,0.92182
YLR283W,4136,315,0.03384,0.255,0.89127
YLR284C,4137,281,0.01301,0.085,0.9203
YLR285W,4138,262,0.02078,0.135,0.9224
YLR290C,4144,278,0.01638,0.105,0.90579
YLR307W,4161,302,0.03542,0.215,0.89825
YLR308W,4162,313,0.0145,0.085,0.90738
YLR323C,4178,260,0.01405,0.075,0.90229
YLR329W,4184,265,0.02045,0.105,0.9043
YLR338W,4193,286,0.01888,0.085,0.89277
YLR340W,4195,313,0.01898,0.275,0.95326
YLR348C,4203,299,0.00961,0.055,0.90757
YLR351C,4206,292,0.00961,0.065,0.9095
YLR372W,4228,346,0.01799,0.155,0.92274
YLR375W,4231,344,0.00587,0.035,0.88873
YLR377C,4233,349,0.03058,0.195,0.89065
YLR393W,4249,280,0.0113,0.065,0.9139
YLR404W,4260,286,0.01503,0.085,0.90883
YLR414C,4270,264,0.02422,0.135,0.90112
YLR426W,4282,327,0.01004,0.055,0.88025
YLR439W,4296,320,0.01544,0.085,0.89246
YLR441C,4298,256,0.01179,0.145,0.96525
YLR447C,4304,346,0.01552,0.105,0.90863
YLR455W,4312,305,0.0075,0.045,0.92712
YLR457C,4314,320,0.03572,0.255,0.88895
YML004C,4328,327,0.01809,0.125,0.90807
YML014W,4342,280,0.00721,0.045,0.90495
YML015C,4343,347,0.01053,0.065,0.89596
YML019W,4347,333,0.00855,0.055,0.8963
YML025C,4353,287,0.01594,0.095,0.91066
YML037C,4366,341,0.01253,0.075,0.89548
YML041C,4368,281,0.0134,0.075,0.90256
YML050W,4376,312,0.01783,0.105,0.90625
YML052W,4378,303,0.01958,0.115,0.90199
YML063W,4391,256,0.0126,0.165,0.9686
YML087C,4416,313,0.01308,0.085,0.90587
YML092C,4421,251,0.02248,0.145,0.9267
YML107C,4440,335,0.00625,0.035,0.8935
YML110C,4443,308,0.01095,0.075,0.92353
YML121W,4455,311,0.01436,0.085,0.89168
YML125C,4459,313,0.01539,0.105,0.91715
YMR025W,4493,296,0.01287,0.075,0.90982
YMR039C,4508,293,0.02704,0.245,0.92054
YMR041C,4510,336,0.01548,0.095,0.89899
YMR043W,4512,287,0.01718,0.085,0.89612
YMR048W,4516,318,0.01439,0.085,0.89598
YMR055C,4522,307,0.01752,0.085,0.88005
YMR056C,4523,310,0.0149,0.075,0.88841
YMR060C,4527,328,0.01449,0.075,0.88847
YMR069W,4536,286,0.03716,0.225,0.88573
YMR079W,4547,305,0.01684,0.135,0.93153
YMR081C,4549,339,0.03283,0.175,0.88841
YMR084W,4552,263,0.01832,0.105,0.9184
YMR087W,4556,285,0.01319,0.065,0.90393
YMR096W,4565,298,0.01119,0.075,0.92109
YMR099C,4568,298,0.01797,0.135,0.93227
YMR101C,4570,344,0.03139,0.295,0.89237
YMR116C,4585,320,0.0153,0.195,0.95385
YMR126C,4597,343,0.00589,0.035,0.89717
YMR127C,4598,339,0.00821,0.045,0.88512
YMR130W,4601,303,0.01034,0.065,0.90229
YMR144W,4616,343,0.01344,0.075,0.88769
YMR146C,4618,348,0.01661,0.125,0.90402
YMR149W,4621,287,0.01469,0.115,0.92396
YMR157C,4630,256,0.0142,0.085,0.92554
YMR178W,4655,275,0.01911,0.125,0.91821
YMR180C,4657,321,0.01298,0.075,0.89784
YMR183C,4660,296,0.01832,0.135,0.9164
YMR193W,4671,259,0.00924,0.065,0.92284
YMR200W,4679,257,0.01535,0.095,0.92586
YMR206W,4685,314,0.00944,0.055,0.89169
YMR226C,4705,268,0.01735,0.115,0.93387
YMR228W,4707,342,0.01552,0.095,0.90319
YMR234W,4713,349,0.0104,0.065,0.90392
YMR241W,4720,315,0.01696,0.135,0.92777
YMR262W,4741,314,0.01193,0.065,0.88462
YMR267W,4746,311,0.01273,0.075,0.90846
YMR274C,4753,316,0.01362,0.075,0.88385
YMR281W,4760,305,0.0164,0.095,0.91313
YMR299C,4780,313,0.00903,0.055,0.90644
YMR303C,4784,349,0.02237,0.215,0.93956
YMR310C,4793,318,0.01037,0.055,0.88584
YMR312W,4795,274,0.0158,0.095,0.91641
YMR315W,4798,350,0.0184,0.145,0.91229
YMR316W,4801,337,0.01279,0.085,0.88564
YNL002C,4813,323,0.01731,0.125,0.91734
YNL003C,4814,285,0.017,0.095,0.90587
YNL006W,4817,304,0.01268,0.075,0.90863
YNL019C,4830,285,0.01256,0.065,0.89893
YNL025C,4836,324,0.00946,0.055,0.9033
YNL032W,4843,282,0.02383,0.135,0.91412
YNL033W,4844,285,0.0126,0.065,0.8945
YNL050C,4861,271,0.01748,0.105,0.92765
YNL055C,4866,284,0.02403,0.235,0.94017
YNL058C,4869,317,0.01568,0.095,0.91442
YNL063W,4873,315,0.01398,0.075,0.89535
YNL072W,4883,308,0.01586,0.095,0.89385
YNL075W,4886,291,0.01815,0.125,0.92194
YNL084C,4895,350,0.01565,0.105,0.90469
YNL097C,4908,331,0.01283,0.085,0.89764
YNL098C,4909,323,0.01422,0.095,0.89793
YNL108C,4919,271,0.01859,0.115,0.92392
YNL141W,4952,348,0.01605,0.135,0.90936
YNL148C,4959,255,0.01496,0.075,0.9076
YNL151C,4962,252,0.01271,0.095,0.94313
YNL155W,4966,275,0.00923,0.055,0.91359
YNL156C,4967,300,0.01188,0.065,0.9112
YNL159C,4970,290,0.01097,0.065,0.9046
YNL168C,4980,260,0.02031,0.125,0.93203
YNL177C,4989,310,0.01153,0.065,0.89484
YNL180C,4992,332,0.00849,0.055,0.90291
YNL194C,5006,302,0.01631,0.085,0.89559
YNL195C,5007,262,0.01174,0.075,0.9327
YNL196C,5008,299,0.00755,0.045,0.91079
YNL202W,5014,293,0.01661,0.095,0.91589
YNL204C,5016,301,0.01877,0.095,0.90207
YNL210W,5022,271,0.01948,0.115,0.91446
YNL215W,5027,321,0.01447,0.085,0.90709
YNL217W,5029,327,0.01124,0.075,0.90922
YNL232W,5044,293,0.01676,0.095,0.9138
YNL246W,5058,265,0.01561,0.095,0.92179
YNL252C,5064,282,0.01838,0.105,0.91149
YNL263C,5075,315,0.01779,0.105,0.90601
YNL265C,5077,299,0.01926,0.105,0.90032
YNL284C,5096,323,0.01316,0.085,0.9066
YNL286W,5098,286,0.03702,0.205,0.89847
YNL290W,5102,341,0.01471,0.085,0.88886
YNL305C,5117,298,0.01796,0.085,0.87914
YNL312W,5124,274,0.01904,0.115,0.92079
YNL315C,5127,319,0.01586,0.085,0.89802
YNL316C,5128,335,0.01169,0.075,0.90263
YNL320W,5132,285,0.01189,0.065,0.90808
YNL322C,5134,314,0.0126,0.075,0.89731
YNL332W,5144,341,0.01984,0.185,0.92856
YNL333W,5145,299,0.01217,0.085,0.92791
YNR002C,5154,283,0.01697,0.095,0.91219
YNR003C,5155,318,0.01744,0.115,0.902
YNR007C,5159,311,0.01992,0.125,0.90861
YNR020C,5172,271,0.02128,0.115,0.90368
YNR027W,5179,318,0.00857,0.055,0.89766
YNR028W,5180,309,0.01802,0.115,0.89795
YNR034W,5187,322,0.01815,0.115,0.90073
YNR035C,5189,343,0.01763,0.135,0.91127
YNR040W,5194,257,0.01941,0.105,0.90378
YNR054C,5208,317,0.01673,0.115,0.91052
YNR064C,5218,291,0.01691,0.095,0.90791
YNR068C,5222,273,0.00739,0.045,0.90753
YNR071C,5225,343,0.01273,0.085,0.90881
YOL001W,5232,294,0.00686,0.045,0.90674
YOL002C,5233,318,0.01725,0.095,0.90482
YOL007C,5238,342,0.01639,0.105,0.90394
YOL009C,5240,272,0.00945,0.055,0.91021
YOL038W,5272,255,0.01538,0.075,0.91176
YOL048C,5282,343,0.03622,0.325,0.88126
YOL056W,5291,304,0.01715,0.105,0.91971
YOL073C,5308,323,0.00953,0.055,0.88549
YOL080C,5315,290,0.01768,0.125,0.91853
YOL086C,5321,349,0.02209,0.275,0.95168
YOL088C,5324,278,0.01712,0.095,0.91447
YOL092W,5328,309,0.01733,0.105,0.89997
YOL093W,5329,294,0.01714,0.105,0.91301
YOL094C,5330,324,0.01803,0.115,0.89978
YOL096C,5332,313,0.0189,0.095,0.89597
YOL101C,5337,313,0.01754,0.095,0.89018
YOL107W,5343,343,0.01718,0.115,0.88937
YOL151W,5387,343,0.01868,0.125,0.91424
YOR004W,5406,255,0.01366,0.075,0.91737
YOR006C,5408,314,0.01695,0.105,0.90801
YOR007C,5409,347,0.01696,0.115,0.91547
YOR010C,5414,252,0.02151,0.205,0.95393
YOR026W,5430,342,0.01382,0.105,0.90116
YOR028C,5432,296,0.00989,0.055,0.90471
YOR036W,5440,289,0.01244,0.065,0.89588
YOR039W,5443,259,0.01277,0.085,0.9166
YOR040W,5444,286,0.01582,0.095,0.91266
YOR060C,5464,258,0.00782,0.045,0.91223
YOR061W,5465,340,0.01578,0.105,0.90524
YOR062C,5466,269,0.01804,0.105,0.91545
YOR065W,5469,310,0.01668,0.135,0.92562
YOR074C,5478,305,0.02276,0.145,0.91912
YOR075W,5479,347,0.0157,0.095,0.90275
YOR079C,5483,314,0.01517,0.085,0.90042
YOR083W,5487,296,0.01329,0.055,0.85997
YOR091W,5494,346,0.0124,0.085,0.90809
YOR095C,5498,259,0.01597,0.125,0.94277
YOR100C,5503,328,0.01216,0.075,0.90748
YOR101W,5504,310,0.01465,0.105,0.91315
YOR104W,5507,283,0.01853,0.105,0.91349
YOR106W,5509,284,0.01064,0.055,0.91034
YOR107W,5510,310,0.00651,0.045,0.90201
YOR114W,5517,295,0.01511,0.085,0.90197
YOR115C,5518,269,0.01407,0.085,0.9088
YOR120W,5523,313,0.01275,0.095,0.91954
YOR130C,5533,293,0.02656,0.155,0.89861
YOR142W,5545,330,0.01473,0.105,0.91658
YOR143C,5546,320,0.01485,0.095,0.90557
YOR145C,5548,275,0.01393,0.095,0.91446
YOR158W,5561,319,0.00807,0.055,0.90848
YOR164C,5567,313,0.01709,0.115,0.91951
YOR174W,5577,285,0.0142,0.085,0.9072
YOR180C,5583,272,0.01619,0.085,0.91287
YOR194C,5597,287,0.01796,0.115,0.91178
YOR220W,5623,266,0.0157,0.085,0.91012
YOR222W,5625,308,0.01765,0.105,0.90761
YOR223W,5626,293,0.01543,0.075,0.89279
YOR228C,5631,303,0.00899,0.055,0.89127
YOR238W,5641,304,0.01402,0.095,0.90927
YOR246C,5648,331,0.00672,0.045,0.89315
YOR251C,5653,305,0.01651,0.105,0.91433
YOR255W,5657,279,0.01884,0.105,0.90613
YOR261C,5663,339,0.01145,0.085,0.9106
YOR262W,5664,348,0.01241,0.075,0.90028
YOR278W,5680,276,0.01383,0.085,0.9175
YOR280C,5682,267,0.01718,0.105,0.92091
YOR281C,5683,287,0.01463,0.105,0.92021
YOR287C,5689,301,0.01766,0.115,0.90825
YOR288C,5690,319,0.01454,0.095,0.8968
YOR289W,5691,252,0.01289,0.075,0.91343
YOR292C,5694,310,0.01,0.055,0.88441
YOR311C,5715,291,0.01238,0.085,0.90476
YOR313C,5717,339,0.00875,0.055,0.89957
YOR315W,5720,347,0.01235,0.065,0.8864
YOR340C,5745,327,0.01785,0.125,0.91034
YOR342C,5747,320,0.01001,0.065,0.90176
YOR344C,5749,292,0.01641,0.095,0.91551
YOR352W,5757,344,0.01364,0.085,0.89817
YOR362C,5767,289,0.01797,0.115,0.92212
YPL004C,5804,342,0.01914,0.135,0.9194
YPL031C,5831,306,0.01128,0.065,0.90703
YPL033C,5833,282,0.01467,0.075,0.90061
YPL039W,5839,317,0.01238,0.065,0.89206
YPL052W,5852,293,0.01412,0.085,0.89916
YPL054W,5854,302,0.0341,0.215,0.8985
YPL055C,5855,333,0.01512,0.095,0.90068
YPL064C,5864,302,0.00948,0.065,0.91651
YPL068C,5868,294,0.01213,0.075,0.90405
YPL069C,5869,336,0.01412,0.085,0.88758
YPL076W,5876,281,0.00786,0.045,0.90679
YPL087W,5887,318,0.01543,0.095,0.90375
YPL088W,5888,343,0.01287,0.075,0.89461
YPL111W,5912,334,0.02231,0.145,0.91028
YPL117C,5918,289,0.02013,0.165,0.92886
YPL124W,5925,254,0.01306,0.075,0.91848
YPL131W,5932,298,0.01889,0.255,0.97069
YPL132W,5933,301,0.01073,0.075,0.92736
YPL134C,5935,311,0.0176,0.095,0.8946
YPL149W,5950,295,0.00684,0.045,0.90998
YPL156C,5957,285,0.01287,0.085,0.92039
YPL157W,5958,316,0.01172,0.065,0.8993
YPL159C,5960,254,0.01627,0.085,0.91245
YPL162C,5963,274,0.01314,0.075,0.90548
YPL163C,5964,261,0.02004,0.135,0.93269
YPL173W,5974,298,0.01774,0.115,0.91035
YPL177C,5978,307,0.01246,0.065,0.89479
YPL186C,5988,305,0.03458,0.225,0.91886
YPL196W,5998,274,0.01488,0.085,0.91061
YPL206C,6008,322,0.01708,0.095,0.90511
YPL227C,6029,335,0.01159,0.085,0.91322
YPL232W,6034,291,0.01337,0.085,0.91066
YPL237W,6039,286,0.01205,0.095,0.94062
YPL241C,6043,269,0.01526,0.095,0.91148
YPL246C,6048,263,0.01409,0.085,0.91887
YPL266W,6069,319,0.01578,0.095,0.91498
YPL273W,6076,326,0.01665,0.135,0.91055
YPR004C,6089,345,0.01176,0.065,0.88945
YPR005C,6090,295,0.01421,0.075,0.90781
YPR009W,6094,269,0.0075,0.045,0.90296
YPR011C,6096,327,0.0138,0.085,0.90264
YPR027C,6113,278,0.00726,0.045,0.90658
YPR057W,6143,342,0.01358,0.075,0.87362
YPR058W,6144,308,0.0122,0.075,0.90483
YPR060C,6146,257,0.01826,0.115,0.93431
YPR061C,6147,302,0.01387,0.085,0.91422
YPR066W,6152,300,0.01146,0.065,0.8919
YPR069C,6155,294,0.01996,0.155,0.9374
YPR086W,6173,346,0.01224,0.075,0.90302
YPR093C,6179,289,0.01037,0.055,0.89925
YPR103W,6189,288,0.01757,0.125,0.93103
YPR109W,6195,295,0.00684,0.035,0.90365
YPR110C,6196,336,0.01682,0.125,0.91832
YPR114W,6200,316,0.0137,0.095,0.91606
YPR116W,6202,278,0.01459,0.085,0.90598
YPR127W,6213,346,0.00632,0.045,0.90212
YPR128C,6214,329,0.03003,0.175,0.89089
YPR129W,6215,350,0.01387,0.105,0.91034
YPR134W,6221,269,0.03962,0.335,0.90441
YPR139C,6226,301,0.0164,0.095,0.91117
YPR147C,6234,305,0.01304,0.075,0.90692
YPR158W,6245,253,0.03745,0.325,0.91713
YPR167C,6254,262,0.02063,0.115,0.92529
YPR176C,6264,326,0.01584,0.115,0.88883
YPR180W,6268,348,0.0147,0.095,0.90553
YPR183W,6271,268,0.02289,0.115,0.90515
YPR192W,6280,306,0.01047,0.075,0.91798
YPR199C,6287,295,0.00744,0.045,0.89024
