YAL003W,2,207,0.02501,0.375,0.97883
YAL007C,5,216,0.01118,0.085,0.94416
YAL008W,6,199,0.02323,0.135,0.93164
YAL019W-A,18,190,0.00787,0.045,0.93524
YAL033W,35,174,0.01965,0.095,0.93305
YAL049C,58,247,0.02023,0.135,0.93615
YAL055W,62,181,0.03332,0.185,0.93291
YAR068W,106,162,0.02568,0.105,0.9187
YAR075W,111,158,0.05171,0.765,0.96613
YBL006C,117,181,0.02843,0.125,0.91739
YBL027W,138,190,0.01246,0.155,0.97156
YBL038W,150,233,0.0155,0.095,0.93547
YBL040C,152,220,0.01711,0.105,0.93738
YBL041W,153,242,0.01986,0.115,0.93172
YBL057C,169,215,0.01713,0.105,0.93471
YBL059W,172,194,0.02132,0.115,0.93361
YBL093C,208,221,0.01401,0.065,0.91973
YBL102W,217,216,0.00935,0.045,0.91222
YBL107C,222,197,0.01707,0.105,0.93835
YBR014C,243,204,0.02769,0.165,0.93474
YBR022W,251,178,0.03166,0.195,0.94564
YBR035C,264,229,0.0212,0.125,0.92735
YBR047W,276,176,0.02432,0.195,0.94676
YBR052C,281,211,0.01836,0.115,0.95222
YBR062C,293,181,0.04172,0.305,0.94662
YBR066C,297,221,0.01879,0.095,0.92668
YBR071W,302,212,0.01974,0.105,0.92958
YBR089W,322,200,0.02766,0.175,0.92685
YBR096W,329,231,0.01576,0.095,0.93125
YBR106W,339,189,0.01873,0.195,0.96371
YBR107C,340,246,0.01075,0.065,0.92798
YBR111C,345,232,0.01627,0.125,0.94062
YBR113W,347,161,0.059,0.425,0.94087
YBR116C,350,176,0.02297,0.115,0.92667
YBR120C,354,163,0.02941,0.235,0.94859
YBR122C,356,178,0.01664,0.115,0.95406
YBR135W,370,151,0.04443,0.195,0.93939
YBR137W,372,180,0.02149,0.145,0.95481
YBR153W,388,245,0.01621,0.085,0.91476
YBR154C,389,216,0.02011,0.145,0.95018
YBR164C,400,184,0.01754,0.115,0.95118
YBR171W,407,207,0.01972,0.115,0.93937
YBR189W,425,196,0.02096,0.305,0.9742
YBR193C,430,224,0.01748,0.105,0.92832
YBR197C,434,218,0.0093,0.055,0.92395
YBR201W,438,212,0.01663,0.105,0.93653
YBR217W,454,187,0.01306,0.065,0.93163
YBR224W,461,172,0.03098,0.175,0.93249
YBR242W,480,239,0.01589,0.095,0.93161
YBR244W,482,163,0.03296,0.235,0.95933
YBR254C,492,176,0.01632,0.095,0.94557
YBR256C,495,239,0.02056,0.125,0.92912
YBR261C,500,233,0.01784,0.095,0.92378
YBR266C,505,151,0.03737,0.195,0.9382
YBR278W,517,202,0.01571,0.085,0.92859
YBR300C,539,166,0.03024,0.155,0.93732
YCL022C,558,172,0.03057,0.145,0.92712
YCL033C,570,169,0.01708,0.095,0.9435
YCL041C,578,165,0.0364,0.215,0.94713
YCL058C,595,153,0.01603,0.085,0.94795
YCL066W,601,176,0.0199,0.125,0.94816
YCL067C,602,211,0.02357,0.165,0.93891
YCL076W,606,248,0.04393,0.245,0.91739
YCR003W,609,184,0.02619,0.165,0.94706
YCR004C,610,248,0.01715,0.115,0.92629
YCR006C,612,158,0.03044,0.145,0.92682
YCR007C,613,240,0.02753,0.185,0.92111
YCR013C,619,216,0.02989,0.165,0.92564
YCR020C,627,216,0.01223,0.085,0.94058
YCR027C,637,210,0.01103,0.055,0.92071
YCR039C,650,211,0.02426,0.175,0.93833
YCR040W,651,176,0.0622,0.525,0.95011
YCR046C,657,170,0.01226,0.065,0.93192
YCR051W,662,223,0.01378,0.075,0.93146
YCR086W,690,191,0.01983,0.085,0.9265
YCR090C,695,183,0.01434,0.085,0.95399
YDR032C,1002,199,0.02724,0.255,0.95788
YDR041W,1013,204,0.01982,0.115,0.93058
YDR056C,1028,206,0.01384,0.115,0.94189
YDR064W,1036,152,0.01406,0.195,0.98015
YDR066C,1038,197,0.023,0.125,0.9254
YDR067C,1039,225,0.01118,0.065,0.94052
YDR071C,1043,192,0.02471,0.195,0.94301
YDR073W,1045,170,0.01187,0.055,0.92686
YDR078C,1050,224,0.01844,0.115,0.93545
YDR084C,1057,200,0.01903,0.105,0.93428
YDR092W,1065,154,0.02291,0.135,0.94772
YDR121W,1094,197,0.02007,0.105,0.93378
YDR136C,1108,191,0.02031,0.085,0.90834
YDR140W,1112,222,0.0151,0.095,0.93431
YDR149C,1121,236,0.02404,0.115,0.91633
YDR155C,1127,163,0.02163,0.275,0.97445
YDR162C,1134,237,0.02069,0.135,0.9253
YDR163W,1135,176,0.02575,0.145,0.94446
YDR167W,1139,207,0.01926,0.095,0.91971
YDR174W,1146,247,0.02124,0.165,0.94353
YDR177W,1149,216,0.02673,0.165,0.9423
YDR178W,1150,182,0.01517,0.085,0.94881
YDR179C,1151,163,0.02319,0.145,0.94793
YDR183W,1156,231,0.01606,0.085,0.93285
YDR185C,1158,180,0.01224,0.065,0.94636
YDR187C,1160,173,0.04887,0.235,0.93332
YDR196C,1169,242,0.00982,0.065,0.92378
YDR201W,1174,166,0.02139,0.135,0.95302
YDR226W,1199,223,0.01905,0.215,0.96512
YDR231C,1204,206,0.01752,0.095,0.92639
YDR236C,1209,219,0.01055,0.065,0.92943
YDR246W,1219,220,0.0369,0.355,0.92701
YDR248C,1221,194,0.02025,0.135,0.94288
YDR253C,1226,192,0.02347,0.145,0.94052
YDR260C,1233,171,0.01641,0.105,0.94551
YDR275W,1248,236,0.00855,0.045,0.92494
YDR302W,1275,220,0.02024,0.135,0.94339
YDR304C,1277,226,0.01721,0.145,0.9387
YDR305C,1278,218,0.02059,0.125,0.93492
YDR328C,1303,195,0.02259,0.135,0.93983
YDR339C,1314,190,0.01952,0.115,0.94188
YDR367W,1343,222,0.00909,0.065,0.94051
YDR373W,1349,191,0.01057,0.065,0.93796
YDR381W,1359,227,0.0217,0.145,0.93797
YDR383C,1361,239,0.01486,0.085,0.92359
YDR391C,1369,233,0.02267,0.145,0.92651
YDR396W,1374,167,0.01685,0.105,0.94803
YDR399W,1377,222,0.01865,0.145,0.94651
YDR401W,1379,188,0.01585,0.075,0.93036
YDR404C,1382,172,0.01223,0.085,0.94887
YDR408C,1386,215,0.01112,0.065,0.92922
YDR410C,1388,240,0.01188,0.065,0.9106
YDR412W,1390,236,0.01213,0.075,0.93441
YDR413C,1391,192,0.01952,0.105,0.92693
YDR418W,1396,166,0.01222,0.165,0.98012
YDR441C,1419,182,0.01109,0.065,0.94515
YDR453C,1431,197,0.02721,0.215,0.96055
YDR454C,1432,188,0.02181,0.195,0.9615
YDR468C,1446,225,0.0113,0.065,0.93442
YDR469W,1447,176,0.02203,0.145,0.94721
YDR476C,1453,225,0.01057,0.055,0.90527
YDR478W,1455,199,0.01913,0.105,0.92788
YDR486C,1463,230,0.01526,0.095,0.92665
YDR487C,1464,209,0.01793,0.105,0.93615
YDR491C,1468,164,0.03296,0.215,0.92654
YDR512C,1489,188,0.01074,0.055,0.93595
YDR526C,1506,157,0.02289,0.105,0.93974
YDR533C,1513,238,0.01961,0.185,0.95072
YDR535C,1515,167,0.02267,0.115,0.93255
YDR537C,1517,202,0.01415,0.075,0.93438
YDR538W,1518,243,0.01176,0.075,0.92478
YDR540C,1520,180,0.01886,0.125,0.95444
YEL001C,1526,226,0.01718,0.125,0.93842
YEL012W,1538,219,0.01973,0.145,0.93743
YEL024W,1553,216,0.02004,0.165,0.94477
YEL027W,1556,161,0.01736,0.175,0.97028
YEL028W,1557,154,0.04893,1.45,0.94528
YEL034W,1565,158,0.02349,0.305,0.97831
YEL038W,1569,228,0.01133,0.065,0.93373
YEL048C,1579,153,0.01319,0.085,0.94926
YEL054C,1586,166,0.01285,0.155,0.97043
YEL057C,1589,234,0.02356,0.165,0.92899
YEL072W,1605,232,0.01024,0.065,0.93093
YEL076C,1610,217,0.0093,0.055,0.92243
YER004W,1616,232,0.01491,0.085,0.92801
YER010C,1624,235,0.00971,0.065,0.92656
YER012W,1626,199,0.01775,0.115,0.94448
YER018C,1633,222,0.01233,0.055,0.90782
YER029C,1645,197,0.01645,0.095,0.93216
YER030W,1646,154,0.02557,0.225,0.96607
YER031C,1647,224,0.0114,0.075,0.93924
YER034W,1650,186,0.02761,0.115,0.9301
YER039C,1656,250,0.01239,0.065,0.9112
YER042W,1660,185,0.02911,0.375,0.94607
YER063W,1687,219,0.01094,0.075,0.9378
YER066W,1691,186,0.0222,0.135,0.93576
YER067W,1693,162,0.01426,0.085,0.94748
YER079W,1709,211,0.01169,0.075,0.94247
YER085C,1716,174,0.02414,0.125,0.93939
YER102W,1738,201,0.01181,0.145,0.96898
YER104W,1740,209,0.01919,0.125,0.93492
YER112W,1748,188,0.02624,0.295,0.95566
YER115C,1751,192,0.01368,0.065,0.93242
YER120W,1757,245,0.01675,0.095,0.92516
YER128W,1765,204,0.01832,0.105,0.94041
YER134C,1772,179,0.01738,0.095,0.94445
YER148W-A,1789,193,0.00944,0.045,0.94043
YER163C,1805,233,0.01689,0.085,0.92352
YER170W,1813,226,0.0276,0.175,0.91651
YER182W,1827,245,0.01998,0.115,0.91953
YER183C,1828,212,0.01359,0.075,0.92913
YER188W,1834,240,0.02655,0.155,0.92569
YFL010C,1845,212,0.01617,0.095,0.9408
YFL015C,1853,165,0.01892,0.095,0.93643
YFL017C,1856,160,0.01615,0.105,0.94994
YFL031W,1872,239,0.01613,0.075,0.90002
YFL051C,1892,161,0.03247,0.285,0.94799
YFL057C,1898,153,0.01661,0.115,0.95727
YFL060C,1901,223,0.01244,0.075,0.93442
YFL061W,1902,226,0.01503,0.085,0.92232
YFL063W,1904,152,0.03236,0.205,0.94242
YFL064C,1905,175,0.01154,0.065,0.93915
YFL067W,1908,176,0.01185,0.075,0.94769
YFL068W,1909,161,0.01254,0.055,0.93193
YFR001W,1910,205,0.01682,0.105,0.94715
YFR003C,1912,156,0.02781,0.145,0.94359
YFR008W,1917,222,0.02229,0.125,0.93112
YFR011C,1920,171,0.02216,0.155,0.9512
YFR012W,1921,203,0.0202,0.095,0.92027
YFR017C,1927,196,0.0153,0.085,0.92943
YFR020W,1930,233,0.01202,0.075,0.93172
YFR026C,1936,170,0.0263,0.155,0.93081
YFR036W-A,1948,217,0.02633,0.135,0.92099
YFR042W,1955,201,0.02368,0.135,0.93365
YFR043C,1956,238,0.01555,0.105,0.92299
YFR054C,1968,193,0.01517,0.095,0.9351
YFR057W,1971,152,0.02398,0.135,0.94635
YGL002W,1973,217,0.00933,0.055,0.93581
YGL010W,1982,175,0.01754,0.085,0.9303
YGL018C,1990,185,0.01904,0.105,0.94062
YGL020C,1992,236,0.01688,0.115,0.92254
YGL031C,2003,156,0.01294,0.175,0.97208
YGL033W,2005,219,0.02871,0.165,0.93596
YGL037C,2009,217,0.02316,0.165,0.94386
YGL047W,2018,203,0.01011,0.065,0.93892
YGL051W,2022,235,0.01433,0.075,0.91534
YGL053W,2024,238,0.01311,0.075,0.92435
YGL058W,2029,173,0.02461,0.195,0.96195
YGL061C,2032,248,0.01851,0.105,0.91793
YGL068W,2039,195,0.01773,0.125,0.94953
YGL069C,2040,155,0.02033,0.115,0.94917
YGL076C,2047,245,0.02055,0.265,0.96729
YGL098W,2069,246,0.01383,0.075,0.92318
YGL101W,2072,216,0.01593,0.095,0.93002
YGL135W,2106,218,0.00974,0.115,0.96442
YGL147C,2118,192,0.01941,0.255,0.97229
YGL165C,2136,193,0.017,0.085,0.91856
YGL166W,2137,226,0.01562,0.085,0.91607
YGL183C,2154,220,0.02896,0.205,0.92236
YGL187C,2158,156,0.01581,0.125,0.9625
YGL198W,2169,236,0.01184,0.055,0.90698
YGL199C,2170,157,0.02303,0.115,0.93862
YGL200C,2171,204,0.01717,0.095,0.93556
YGL210W,2181,223,0.02133,0.125,0.93236
YGL214W,2185,163,0.02437,0.125,0.94143
YGL222C,2193,176,0.01496,0.085,0.9412
YGL231C,2203,191,0.01963,0.145,0.9452
YGL235W,2207,179,0.02635,0.135,0.93382
YGL242C,2214,182,0.02288,0.145,0.94706
YGL247W,2219,198,0.01496,0.085,0.92873
YGL250W,2222,242,0.01679,0.095,0.92435
YGL258W,2230,207,0.01523,0.125,0.96068
YGL259W,2232,166,0.02724,0.125,0.93765
YGL262W,2235,176,0.02056,0.095,0.93655
YGR001C,2237,249,0.01901,0.115,0.93234
YGR024C,2260,238,0.00999,0.055,0.92721
YGR029W,2265,190,0.04418,0.305,0.93269
YGR030C,2266,159,0.03292,0.205,0.95234
YGR033C,2269,240,0.01174,0.065,0.91803
YGR036C,2272,240,0.01365,0.075,0.92768
YGR038W,2274,223,0.01691,0.105,0.93478
YGR049W,2285,188,0.02499,0.175,0.94405
YGR057C,2293,243,0.00918,0.065,0.93376
YGR075C,2311,243,0.01228,0.075,0.92801
YGR076C,2312,158,0.0242,0.175,0.95928
YGR078C,2314,200,0.01866,0.105,0.92748
YGR082W,2318,184,0.02351,0.225,0.95402
YGR085C,2321,175,0.01752,0.225,0.97569
YGR095C,2331,224,0.01584,0.095,0.92715
YGR102C,2338,184,0.01326,0.065,0.94239
YGR126W,2363,231,0.01282,0.085,0.93375
YGR129W,2366,216,0.02028,0.115,0.93412
YGR136W,2373,242,0.02037,0.125,0.92501
YGR148C,2385,156,0.01294,0.175,0.97781
YGR153W,2390,218,0.01548,0.085,0.92221
YGR160W,2397,204,0.03299,0.225,0.93578
YGR167W,2404,234,0.01549,0.105,0.9302
YGR174C,2411,171,0.02035,0.105,0.93443
YGR195W,2432,247,0.01895,0.115,0.9082
YGR232W,2469,229,0.01418,0.085,0.93751
YGR235C,2472,234,0.02599,0.175,0.93404
YGR247W,2484,240,0.01665,0.085,0.91295
YGR267C,2504,244,0.01312,0.085,0.93074
YGR268C,2505,199,0.01573,0.075,0.92502
YGR272C,2510,153,0.02954,0.265,0.95439
YGR273C,2511,175,0.02166,0.125,0.94079
YGR275W,2513,158,0.01364,0.075,0.94632
YGR293C,2531,154,0.04114,0.165,0.92716
YHL006C,2541,151,0.01362,0.065,0.93389
YHL031C,2569,224,0.02189,0.105,0.90872
YHL042W,2581,151,0.01889,0.115,0.95062
YHL043W,2582,171,0.01991,0.135,0.95599
YHL044W,2583,236,0.02808,0.185,0.93399
YHR008C,2600,234,0.0195,0.125,0.93442
YHR013C,2605,239,0.02186,0.145,0.928
YHR026W,2619,214,0.01001,0.065,0.94787
YHR038W,2632,231,0.02746,0.155,0.92646
YHR041C,2636,211,0.01117,0.055,0.91087
YHR043C,2638,247,0.01556,0.105,0.9301
YHR044C,2639,247,0.01589,0.095,0.92654
YHR049W,2645,244,0.01919,0.185,0.95054
YHR057C,2654,206,0.02076,0.115,0.93002
YHR060W,2657,182,0.0137,0.085,0.93791
YHR071W,2672,230,0.00878,0.055,0.92651
YHR081W,2684,185,0.02556,0.135,0.94209
YHR089C,2692,206,0.01622,0.145,0.95916
YHR093W,2696,183,0.02448,0.135,0.9385
YHR100C,2703,186,0.02746,0.195,0.94006
YHR105W,2708,215,0.02403,0.125,0.92198
YHR110W,2713,213,0.00948,0.055,0.93234
YHR116W,2719,152,0.02476,0.175,0.94527
YHR121W,2724,188,0.0162,0.115,0.93758
YHR122W,2725,232,0.01744,0.095,0.91645
YHR126C,2729,160,0.0225,0.135,0.95797
YHR127W,2730,244,0.01896,0.105,0.92933
YHR140W,2746,240,0.01412,0.095,0.92828
YHR147C,2754,215,0.01392,0.075,0.92395
YHR148W,2755,184,0.0203,0.125,0.95221
YHR152W,2759,174,0.01958,0.105,0.94579
YHR153C,2760,199,0.01418,0.075,0.94022
YHR157W,2764,183,0.02591,0.135,0.93242
YHR163W,2770,250,0.0104,0.075,0.93133
YHR175W,2783,190,0.0124,0.065,0.93848
YHR180W,2788,164,0.01894,0.105,0.94954
YHR181W,2789,229,0.01932,0.105,0.91759
YHR185C,2794,238,0.02357,0.185,0.93041
YHR189W,2798,191,0.01153,0.055,0.92231
YHR214W-A,2824,162,0.01005,0.045,0.91568
YIL007C,2838,221,0.01676,0.085,0.91802
YIL010W,2842,216,0.01893,0.105,0.93939
YIL016W,2849,160,0.03358,0.225,0.94654
YIL024C,2858,190,0.02218,0.155,0.94067
YIL057C,2894,165,0.02151,0.145,0.95335
YIL062C,2899,155,0.03062,0.155,0.94464
YIL087C,2925,158,0.01853,0.095,0.94708
YIL098C,2936,156,0.02462,0.155,0.95291
YIL111W,2950,152,0.01542,0.095,0.95059
YIL118W,2958,232,0.0168,0.125,0.9403
YIL127C,2967,207,0.01727,0.105,0.93071
YIL132C,2972,214,0.01093,0.055,0.92391
YIL133C,2973,200,0.01297,0.145,0.9671
YIL138C,2978,162,0.02171,0.165,0.962
YIL152W,2993,236,0.038,0.205,0.89893
YIL158W,3000,205,0.01381,0.085,0.93607
YIL161W,3003,236,0.01099,0.075,0.94097
YIL164C,3006,200,0.01323,0.075,0.9343
YIR014W,3028,243,0.02574,0.105,0.87789
YIR018W,3033,246,0.00998,0.055,0.91044
YIR022W,3039,168,0.0144,0.095,0.95284
YIR024C,3042,217,0.01718,0.105,0.93493
YIR030C,3048,245,0.01502,0.085,0.91852
YIR032C,3051,196,0.01043,0.055,0.92766
YIR037W,3057,164,0.02088,0.145,0.95602
YIR038C,3058,235,0.01599,0.105,0.9396
YIR042C,3062,237,0.00965,0.065,0.9324
YJL001W,3063,216,0.01852,0.115,0.9408
YJL004C,3066,204,0.01245,0.065,0.92491
YJL011C,3073,162,0.02862,0.205,0.94624
YJL024C,3083,195,0.02225,0.135,0.93913
YJL030W,3089,197,0.01459,0.085,0.93606
YJL037W,3096,225,0.04766,0.655,0.92588
YJL038C,3097,220,0.03005,0.275,0.92715
YJL055W,3115,246,0.01807,0.105,0.92392
YJL063C,3124,239,0.01418,0.065,0.90655
YJL065C,3126,168,0.02526,0.125,0.93805
YJL072C,3133,214,0.01411,0.085,0.92727
YJL096W,3157,162,0.01264,0.085,0.95497
YJL097W,3158,218,0.02494,0.205,0.93666
YJL118W,3177,220,0.01079,0.045,0.91067
YJL121C,3180,239,0.01714,0.155,0.94025
YJL122W,3181,176,0.02478,0.165,0.95284
YJL124C,3183,173,0.0154,0.095,0.94855
YJL140W,3201,222,0.01451,0.075,0.92809
YJL143W,3204,159,0.01675,0.105,0.95371
YJL148W,3209,234,0.01595,0.125,0.93471
YJL158C,3220,228,0.0249,0.295,0.96526
YJL161W,3223,181,0.01391,0.065,0.92596
YJL170C,3232,210,0.02546,0.135,0.92685
YJL175W,3237,171,0.04157,0.235,0.9357
YJL177W,3239,185,0.01252,0.155,0.97382
YJL192C,3254,235,0.01103,0.075,0.93297
YJL195C,3257,234,0.02075,0.105,0.90844
YJL217W,3278,199,0.0177,0.105,0.93471
YJL218W,3279,197,0.01862,0.105,0.93368
YJL220W,3281,151,0.03328,0.165,0.93531
YJR012C,3298,208,0.0253,0.195,0.92815
YJR014W,3300,199,0.02096,0.145,0.94459
YJR017C,3303,171,0.01057,0.055,0.94016
YJR024C,3310,245,0.0109,0.065,0.91976
YJR025C,3311,178,0.02092,0.125,0.94584
YJR047C,3329,158,0.02354,0.255,0.97936
YJR050W,3332,236,0.01622,0.085,0.91236
YJR055W,3337,165,0.02109,0.145,0.95431
YJR056C,3338,237,0.01353,0.065,0.91203
YJR057W,3339,217,0.02061,0.125,0.93478
YJR069C,3351,198,0.02345,0.165,0.9497
YJR073C,3355,207,0.01418,0.075,0.93239
YJR074W,3356,219,0.01117,0.065,0.93924
YJR097W,3379,173,0.01452,0.085,0.94387
YJR099W,3381,237,0.0164,0.105,0.93413
YJR112W,3394,202,0.01803,0.085,0.91945
YJR113C,3395,248,0.01507,0.085,0.91232
YJR115W,3397,170,0.01187,0.065,0.9425
YJR118C,3400,204,0.02268,0.125,0.93971
YJR123W,3405,226,0.01408,0.185,0.97339
YJR133W,3415,210,0.02244,0.185,0.95145
YJR135C,3417,240,0.03983,0.215,0.91329
YKL001C,3446,203,0.01407,0.095,0.9557
YKL002W,3447,233,0.02147,0.115,0.91544
YKL009W,3455,237,0.01826,0.145,0.94129
YKL013C,3459,172,0.01346,0.085,0.9444
YKL016C,3462,175,0.01524,0.105,0.95526
YKL026C,3473,168,0.06679,0.335,0.97465
YKL030W,3477,202,0.04554,0.235,0.91885
YKL041W,3489,225,0.02071,0.125,0.93151
YKL056C,3505,168,0.01357,0.155,0.96856
YKL063C,3512,168,0.02312,0.185,0.95092
YKL065C,3514,207,0.01261,0.075,0.93699
YKL069W,3518,181,0.01859,0.125,0.94992
YKL070W,3519,170,0.0158,0.095,0.95193
YKL087C,3536,225,0.01523,0.095,0.93061
YKL096W,3545,240,0.0244,0.185,0.95129
YKL117W,3568,217,0.02209,0.195,0.94956
YKL119C,3570,216,0.01609,0.085,0.92074
YKL130C,3581,247,0.01835,0.105,0.92575
YKL131W,3582,174,0.05041,0.865,0.94123
YKL141W,3592,199,0.01813,0.105,0.93745
YKL142W,3593,220,0.02203,0.145,0.94019
YKL144C,3595,213,0.0252,0.205,0.94409
YKL147C,3598,206,0.04863,0.375,0.92026
YKL152C,3603,248,0.01841,0.245,0.96461
YKL153W,3604,170,0.03266,0.155,0.9267
YKL154W,3605,245,0.01472,0.115,0.93211
YKL159C,3609,212,0.0506,0.455,0.93804
YKL180W,3632,185,0.04542,0.935,0.97595
YKL196C,3648,201,0.0151,0.095,0.93832
YKL202W,3652,194,0.01041,0.035,0.88335
YKL214C,3664,204,0.0173,0.095,0.93506
YKR007W,3682,185,0.03152,0.185,0.93293
YKR014C,3689,235,0.01621,0.115,0.9427
YKR020W,3695,165,0.02558,0.165,0.94992
YKR035C,3710,214,0.01735,0.105,0.92321
YKR045C,3721,184,0.01301,0.065,0.92996
YKR065C,3741,198,0.02146,0.125,0.9407
YKR068C,3744,194,0.01727,0.105,0.93727
YKR074W,3750,156,0.03038,0.225,0.95476
YKR085C,3761,196,0.0103,0.065,0.93663
YKR091W,3767,247,0.03349,0.225,0.90821
YLL033W,3814,231,0.01604,0.075,0.91897
YLL038C,3819,248,0.01341,0.065,0.90626
YLL042C,3823,168,0.02795,0.155,0.93847
YLL049W,3830,180,0.0285,0.225,0.94001
YLL053C,3834,153,0.02881,0.265,0.96267
YLL059C,3840,169,0.02983,0.155,0.93136
YLL060C,3841,234,0.01405,0.065,0.91332
YLR008C,3856,169,0.01194,0.075,0.9573
YLR009W,3857,200,0.0187,0.185,0.9657
YLR010C,3858,161,0.01466,0.085,0.95394
YLR011W,3859,192,0.01951,0.095,0.92655
YLR016C,3864,205,0.02055,0.105,0.93619
YLR021W,3869,180,0.01651,0.105,0.94918
YLR025W,3873,241,0.01464,0.085,0.91488
YLR029C,3877,205,0.02156,0.285,0.97348
YLR031W,3879,187,0.02603,0.145,0.93522
YLR040C,3888,225,0.01876,0.125,0.93243
YLR050C,3898,162,0.0168,0.105,0.94391
YLR051C,3899,218,0.03244,0.195,0.93017
YLR065C,3913,182,0.04091,0.345,0.93493
YLR066W,3914,185,0.01722,0.125,0.95413
YLR068W,3916,152,0.02998,0.175,0.94682
YLR073C,3921,201,0.01353,0.065,0.93221
YLR074C,3922,167,0.02608,0.155,0.94305
YLR075W,3923,222,0.01444,0.185,0.97063
YLR078C,3926,245,0.02726,0.235,0.93164
YLR109W,3958,177,0.02689,0.295,0.97198
YLR118C,3967,228,0.01382,0.095,0.93691
YLR119W,3968,214,0.05308,0.575,0.93578
YLR164W,4015,169,0.02923,0.165,0.93679
YLR167W,4018,153,0.01319,0.155,0.98151
YLR168C,4019,231,0.04638,0.225,0.92385
YLR170C,4021,157,0.02259,0.135,0.94624
YLR178C,4029,220,0.04948,0.425,0.93726
YLR179C,4030,202,0.01358,0.085,0.93644
YLR193C,4044,176,0.04649,0.395,0.9422
YLR211C,4062,227,0.03499,0.205,0.92129
YLR218C,4069,151,0.07166,0.565,0.96446
YLR221C,4072,221,0.01367,0.095,0.93856
YLR229C,4080,192,0.01342,0.085,0.95231
YLR250W,4101,235,0.01996,0.165,0.9268
YLR251W,4102,198,0.05164,0.475,0.94149
YLR268W,4121,215,0.00939,0.055,0.93684
YLR281C,4134,156,0.06873,0.365,0.96314
YLR292C,4146,194,0.01622,0.095,0.93833
YLR293C,4147,220,0.02182,0.245,0.96462
YLR298C,4152,232,0.01633,0.095,0.92214
YLR306W,4160,189,0.03435,0.165,0.92925
YLR315W,4170,154,0.02098,0.105,0.94302
YLR326W,4181,241,0.01326,0.075,0.91929
YLR339C,4194,184,0.02729,0.145,0.93456
YLR349W,4204,169,0.01775,0.095,0.9386
YLR358C,4213,188,0.03271,0.165,0.92228
YLR370C,4226,179,0.01997,0.145,0.9462
YLR376C,4232,243,0.01129,0.065,0.92506
YLR400W,4256,158,0.0317,0.145,0.93921
YLR402W,4258,172,0.02898,0.175,0.93357
YLR407W,4263,230,0.01597,0.085,0.93275
YLR411W,4267,242,0.01674,0.105,0.93314
YLR421C,4277,157,0.01612,0.105,0.95811
YLR435W,4291,206,0.01373,0.095,0.94114
YLR445W,4302,189,0.02828,0.235,0.94363
YLR448W,4305,177,0.01288,0.155,0.97296
YLR456W,4313,205,0.02139,0.145,0.93692
YLR462W,4319,203,0.00994,0.055,0.92411
YML001W,4325,209,0.01419,0.095,0.94918
YML011C,4338,178,0.01522,0.085,0.94014
YML022W,4350,188,0.0197,0.135,0.9451
YML028W,4356,197,0.02553,0.265,0.97424
YML030W,4358,160,0.06602,0.505,0.96085
YML036W,4365,182,0.03647,0.195,0.93076
YML053C,4379,213,0.01095,0.075,0.94621
YML055W,4381,179,0.02018,0.115,0.94069
YML064C,4392,246,0.00946,0.045,0.91003
YML073C,4401,177,0.0119,0.155,0.97721
YML077W,4405,160,0.03828,0.245,0.94412
YML078W,4406,183,0.02033,0.215,0.96496
YML079W,4407,202,0.01104,0.075,0.94211
YML094W,4424,164,0.02291,0.135,0.95273
YML095C,4425,211,0.01504,0.085,0.93596
YML106W,4439,227,0.01125,0.075,0.94443
YML113W,4446,249,0.01777,0.085,0.903
YMR002W,4469,157,0.02195,0.135,0.95378
YMR003W,4470,199,0.01683,0.085,0.93277
YMR009W,4476,180,0.02089,0.115,0.94881
YMR022W,4490,166,0.01795,0.115,0.9418
YMR038C,4507,250,0.01705,0.115,0.93463
YMR042W,4511,178,0.01134,0.055,0.92912
YMR052W,4519,205,0.01595,0.085,0.93403
YMR063W,4530,240,0.01509,0.075,0.90902
YMR071C,4538,168,0.01814,0.095,0.94187
YMR072W,4539,184,0.02963,0.215,0.95497
YMR077C,4545,222,0.01041,0.065,0.93072
YMR090W,4559,228,0.01481,0.095,0.94459
YMR095C,4564,225,0.01342,0.075,0.92574
YMR117C,4586,214,0.01788,0.115,0.93471
YMR118C,4587,197,0.06039,0.375,0.93631
YMR121C,4591,205,0.01444,0.125,0.96066
YMR132C,4603,209,0.01972,0.115,0.93406
YMR138W,4610,192,0.01753,0.095,0.92739
YMR142C,4614,200,0.01464,0.185,0.97186
YMR147W,4619,224,0.02247,0.135,0.92546
YMR150C,4622,191,0.0584,0.615,0.95417
YMR156C,4629,239,0.0155,0.095,0.93175
YMR159C,4634,151,0.07457,0.645,0.97753
YMR161W,4636,225,0.01744,0.105,0.93987
YMR181C,4658,155,0.01302,0.075,0.94704
YMR182C,4659,212,0.00952,0.055,0.92785
YMR184W,4661,199,0.03913,0.205,0.93202
YMR188C,4665,238,0.01435,0.075,0.92026
YMR197C,4676,218,0.04853,0.305,0.92327
YMR202W,4681,223,0.0149,0.125,0.94412
YMR222C,4701,224,0.01874,0.105,0.91909
YMR233W,4712,227,0.01589,0.085,0.92156
YMR236W,4715,158,0.01882,0.085,0.93155
YMR245W,4725,207,0.04613,0.295,0.91471
YMR255W,4734,189,0.04141,0.225,0.92944
YMR260C,4739,154,0.0211,0.165,0.96704
YMR263W,4742,202,0.01253,0.065,0.93503
YMR269W,4748,212,0.03726,0.265,0.93295
YMR271C,4750,228,0.02742,0.165,0.92811
YMR295C,4776,198,0.024,0.165,0.94354
YMR298W,4779,151,0.03072,0.245,0.95738
YMR311C,4794,230,0.02338,0.165,0.92982
YMR322C,4807,238,0.04591,0.455,0.92632
YNL010W,4821,242,0.01938,0.165,0.95304
YNL024C,4835,247,0.00968,0.055,0.91656
YNL036W,4847,222,0.02789,0.165,0.93559
YNL038W,4849,230,0.01577,0.085,0.91791
YNL044W,4855,177,0.01726,0.125,0.95336
YNL046W,4857,173,0.01391,0.065,0.92234
YNL052W,4863,154,0.02149,0.115,0.95596
YNL056W,4867,198,0.01945,0.115,0.93924
YNL069C,4880,199,0.01389,0.155,0.9758
YNL079C,4890,200,0.02306,0.155,0.94887
YNL089C,4900,159,0.01269,0.075,0.95454
YNL090W,4901,193,0.01046,0.065,0.9406
YNL093W,4904,221,0.01985,0.115,0.9394
YNL096C,4907,191,0.01548,0.165,0.96802
YNL099C,4910,239,0.00973,0.055,0.92599
YNL100W,4911,235,0.01808,0.095,0.91354
YNL107W,4918,227,0.01791,0.125,0.93595
YNL109W,4920,182,0.02723,0.145,0.92966
YNL110C,4921,221,0.02425,0.175,0.93931
YNL120C,4931,162,0.03041,0.155,0.94141
YNL129W,4940,241,0.01694,0.105,0.92294
YNL131W,4942,153,0.01902,0.135,0.96347
YNL133C,4944,174,0.01989,0.115,0.94592
YNL140C,4951,190,0.06989,0.315,0.96249
YNL157W,4968,169,0.01624,0.095,0.94597
YNL158W,4969,199,0.01551,0.085,0.93207
YNL174W,4986,191,0.03219,0.175,0.93102
YNL178W,4990,241,0.01905,0.245,0.95755
YNL185C,4997,159,0.01414,0.085,0.94877
YNL200C,5012,247,0.01821,0.105,0.91798
YNL203C,5015,204,0.02345,0.105,0.91846
YNL208W,5020,200,0.02369,0.175,0.94799
YNL214W,5026,200,0.01873,0.125,0.93147
YNL222W,5034,207,0.01565,0.105,0.93929
YNL255C,5067,154,0.02339,0.155,0.96053
YNL260C,5072,199,0.01961,0.115,0.93976
YNL281W,5093,154,0.02369,0.135,0.95703
YNL301C,5113,187,0.01446,0.165,0.97183
YNL306W,5118,218,0.02243,0.135,0.92871
YNL310C,5122,175,0.01147,0.075,0.94785
YNL334C,5146,223,0.03343,0.195,0.92455
YNL335W,5147,226,0.00894,0.055,0.92236
YNR009W,5161,250,0.02172,0.135,0.91653
YNR014W,5166,213,0.02868,0.185,0.91997
YNR017W,5169,223,0.02474,0.175,0.92661
YNR018W,5170,225,0.01767,0.095,0.9293
YNR024W,5176,187,0.01988,0.115,0.94577
YNR036C,5190,154,0.01432,0.075,0.93954
YNR049C,5203,211,0.0295,0.175,0.93029
YNR057C,5211,238,0.01647,0.085,0.91449
YNR061C,5215,220,0.01699,0.095,0.92699
YOL008W,5239,208,0.01659,0.105,0.92673
YOL024W,5257,173,0.02342,0.135,0.93029
YOL028C,5261,246,0.00946,0.065,0.92729
YOL029C,5262,202,0.01327,0.075,0.93838
YOL032W,5265,247,0.02244,0.115,0.91729
YOL046C,5280,225,0.03799,0.185,0.91321
YOL067C,5302,178,0.01136,0.065,0.94861
YOL071W,5306,163,0.02421,0.155,0.94619
YOL099C,5335,164,0.02668,0.125,0.93257
YOL102C,5338,231,0.01542,0.095,0.92699
YOL110W,5346,238,0.00848,0.035,0.8963
YOL111C,5347,213,0.02285,0.125,0.9321
YOL114C,5350,203,0.02035,0.115,0.93339
YOL120C,5356,187,0.01542,0.205,0.97561
YOL129W,5365,185,0.0111,0.065,0.93748
YOL135C,5371,223,0.02434,0.115,0.91575
YOL139C,5375,214,0.0205,0.175,0.95792
YOL142W,5378,241,0.01554,0.095,0.92463
YOL143C,5379,170,0.01804,0.115,0.95718
YOL146W,5382,195,0.01095,0.055,0.93448
YOL147C,5383,237,0.02923,0.185,0.92418
YOL149W,5385,232,0.01883,0.115,0.93259
YOL154W,5389,250,0.03815,0.245,0.93318
YOL159C,5394,172,0.01411,0.085,0.94358
YOL162W,5398,216,0.02669,0.175,0.92054
YOR013W,5417,157,0.02055,0.105,0.93482
YOR021C,5425,214,0.01592,0.095,0.94308
YOR044W,5448,158,0.04227,0.295,0.94326
YOR052C,5456,151,0.01951,0.105,0.94917
YOR064C,5468,220,0.01898,0.105,0.91476
YOR077W,5481,233,0.04774,0.285,0.91743
YOR078W,5482,215,0.01867,0.095,0.93309
YOR089C,5492,211,0.02206,0.145,0.93886
YOR094W,5497,184,0.02115,0.135,0.94293
YOR096W,5499,191,0.01216,0.155,0.9792
YOR097C,5500,176,0.01599,0.085,0.9386
YOR111W,5514,233,0.01842,0.125,0.93695
YOR125C,5528,234,0.00739,0.045,0.93547
YOR126C,5529,239,0.01508,0.085,0.92727
YOR131C,5534,219,0.01694,0.095,0.91966
YOR148C,5551,186,0.02075,0.135,0.9424
YOR150W,5553,164,0.01231,0.085,0.95017
YOR163W,5566,189,0.02818,0.175,0.93926
YOR179C,5582,189,0.0184,0.115,0.94246
YOR185C,5588,221,0.01982,0.155,0.9493
YOR202W,5605,221,0.01035,0.055,0.91936
YOR213C,5616,249,0.01008,0.055,0.90988
YOR214C,5617,237,0.01478,0.105,0.9319
YOR226C,5629,157,0.02192,0.115,0.94582
YOR232W,5635,229,0.01476,0.115,0.94889
YOR236W,5639,212,0.01064,0.065,0.92904
YOR247W,5649,211,0.02133,0.145,0.93594
YOR252W,5654,179,0.02793,0.155,0.94117
YOR253W,5655,177,0.01323,0.095,0.95243
YOR257W,5659,162,0.02302,0.175,0.94876
YOR258W,5660,218,0.01754,0.115,0.93535
YOR276W,5678,162,0.02372,0.295,0.96696
YOR283W,5685,231,0.01985,0.135,0.9354
YOR284W,5686,244,0.01361,0.075,0.91591
YOR294W,5696,204,0.02128,0.135,0.94954
YOR295W,5697,229,0.01641,0.095,0.92426
YOR297C,5699,193,0.01388,0.075,0.93602
YOR305W,5709,243,0.00933,0.055,0.92048
YOR312C,5716,173,0.01645,0.205,0.98044
YOR319W,5724,214,0.01827,0.115,0.9439
YOR325W,5730,158,0.01589,0.085,0.9413
YOR331C,5736,186,0.02313,0.145,0.93747
YOR332W,5737,234,0.02196,0.125,0.92644
YOR339C,5744,157,0.02285,0.135,0.94855
YOR357C,5762,163,0.02148,0.115,0.94155
YOR358W,5763,243,0.01307,0.075,0.91266
YOR367W,5772,201,0.01228,0.085,0.94067
YOR382W,5787,154,0.02191,0.155,0.96376
YOR383C,5788,205,0.0166,0.165,0.95857
YOR387C,5792,207,0.01738,0.145,0.95861
YOR391C,5796,238,0.01563,0.105,0.93269
YOR394W,5799,165,0.01237,0.115,0.96733
YPL002C,5802,234,0.01648,0.105,0.93162
YPL010W,5810,190,0.01467,0.095,0.94681
YPL021W,5821,188,0.01937,0.115,0.94024
YPL024W,5824,242,0.02219,0.145,0.92402
YPL025C,5825,186,0.02054,0.125,0.93311
YPL027W,5827,246,0.02456,0.145,0.92216
YPL034W,5834,166,0.02797,0.155,0.93863
YPL037C,5837,158,0.02106,0.225,0.97739
YPL038W,5838,178,0.0252,0.145,0.94092
YPL041C,5841,208,0.00985,0.045,0.91204
YPL044C,5844,183,0.04551,0.355,0.93391
YPL051W,5851,199,0.02038,0.135,0.9423
YPL059W,5859,151,0.01877,0.115,0.94851
YPL065W,5865,243,0.01412,0.085,0.93688
YPL067C,5867,199,0.01055,0.055,0.92673
YPL071C,5871,157,0.0224,0.165,0.95602
YPL073C,5873,162,0.02093,0.115,0.94658
YPL078C,5878,245,0.0144,0.105,0.93748
YPL079W,5879,161,0.01275,0.155,0.97776
YPL081W,5881,198,0.02021,0.205,0.97147
YPL090C,5890,237,0.01236,0.155,0.96702
YPL099C,5900,183,0.02038,0.115,0.94237
YPL107W,5908,249,0.01595,0.115,0.92616
YPL108W,5909,169,0.02118,0.095,0.94191
YPL121C,5922,223,0.01538,0.085,0.92824
YPL129W,5930,245,0.0216,0.135,0.92449
YPL130W,5931,224,0.02247,0.125,0.92424
YPL135W,5936,166,0.02137,0.175,0.95128
YPL166W,5967,214,0.01049,0.055,0.92536
YPL178W,5979,209,0.0162,0.105,0.93469
YPL187W,5989,166,0.01992,0.175,0.96471
YPL198W,6000,245,0.02117,0.305,0.97041
YPL199C,6001,241,0.01461,0.095,0.92634
YPL200W,6002,157,0.02178,0.115,0.94043
YPL213W,6015,239,0.01782,0.095,0.91619
YPL218W,6020,191,0.01546,0.125,0.96134
YPL220W,6022,218,0.00958,0.115,0.96895
YPL223C,6025,169,0.02108,0.135,0.95286
YPL229W,6031,207,0.02424,0.115,0.91934
YPL239W,6041,201,0.02059,0.125,0.93576
YPL252C,6055,173,0.01373,0.075,0.94509
YPL257W,6060,194,0.01055,0.055,0.94213
YPL267W,6070,210,0.01871,0.105,0.92869
YPL280W,6081,238,0.00863,0.055,0.93924
YPL282C,6083,165,0.01377,0.125,0.97019
YPR015C,6100,248,0.04321,0.245,0.89824
YPR016C,6101,246,0.01795,0.145,0.93802
YPR028W,6114,181,0.02338,0.175,0.96005
YPR037C,6123,197,0.01644,0.095,0.93714
YPR046W,6132,182,0.02004,0.095,0.93227
YPR051W,6137,177,0.01606,0.085,0.93991
YPR053C,6139,152,0.01328,0.065,0.93463
YPR062W,6148,159,0.01485,0.095,0.95509
YPR067W,6153,186,0.01666,0.095,0.94035
YPR071W,6157,212,0.01062,0.065,0.93787
YPR098C,6184,162,0.03911,0.275,0.94464
YPR101W,6187,176,0.0191,0.105,0.93389
YPR102C,6188,175,0.01759,0.255,0.97598
YPR107C,6193,209,0.01813,0.105,0.93181
YPR113W,6199,221,0.01306,0.085,0.93407
YPR131C,6217,196,0.01306,0.075,0.93568
YPR136C,6223,171,0.04498,0.235,0.93278
YPR142C,6229,188,0.02337,0.105,0.9174
YPR149W,6236,174,0.02267,0.195,0.9598
YPR151C,6238,207,0.01833,0.105,0.93016
YPR165W,6252,210,0.01479,0.105,0.94759
YPR168W,6255,158,0.02457,0.175,0.96182
YPR172W,6260,201,0.01635,0.105,0.94628
YPR174C,6262,222,0.01854,0.105,0.92875
YPR187W,6275,156,0.01615,0.125,0.95822
YPR188C,6276,164,0.01574,0.095,0.94481
YPR197C,6285,188,0.03275,0.215,0.9408
YPR202W,6290,239,0.00845,0.045,0.91704
